Messprotokoll  'Myonen-Versuch LM-1'  

Start :  	19.11.2021	10:46
Stop : 	25.11.2021	09:28
Messzeit [sec] : 	513808


Zaehler 1 :	0
Zaehler 2 :	0
Zaehler 3 :	0
Zaehler 4 :	0
Zaehler 5 :	0
Zaehler 6 :	0
Eventcounter oben :	14192
Eventcounter unten  :	41146

Ereignisse/Kanal (Kanalspektrum-oben):
1	2541
2	3652
3	1311
4	904
5	723
6	632
7	532
8	505
9	424
10	358
11	290
12	258
13	228
14	192
15	208
16	187
17	135
18	123
19	115
20	125
21	104
22	84
23	81
24	72
25	64
26	58
27	47
28	50
29	61
30	37
31	40
32	51

Ereignisse/Kanal (Kanalspektrum-unten):
1	5223
2	19896
3	3896
4	1937
5	1475
6	1213
7	987
8	904
9	797
10	691
11	576
12	473
13	417
14	377
15	317
16	266
17	234
18	199
19	173
20	141
21	121
22	109
23	100
24	93
25	72
26	81
27	67
28	83
29	65
30	56
31	48
32	59

Ereignisse/Kanal (Summenspektrum):
1	27
2	90
3	609
4	471
5	333
6	387
7	1066
8	4781
9	8249
10	4331
11	3324
12	2376
13	1679
14	1447
15	1129
16	1013
17	893
18	780
19	672
20	689
21	674
22	530
23	524
24	445
25	410
26	403
27	391
28	324
29	336
30	353
31	331
32	293
33	282
34	278
35	294
36	293
37	280
38	264
39	253
40	254
41	238
42	218
43	239
44	237
45	237
46	235
47	227
48	214
49	176
50	207
51	206
52	178
53	187
54	191
55	181
56	193
57	182
58	174
59	180
60	193
61	176
62	172
63	166
64	166
65	143
66	151
67	164
68	144
69	149
70	160
71	155
72	155
73	129
74	148
75	146
76	114
77	119
78	121
79	142
80	130
81	115
82	110
83	113
84	114
85	115
86	110
87	89
88	100
89	88
90	117
91	112
92	85
93	92
94	68
95	82
96	87
97	94
98	77
99	72
100	83
101	74
102	93
103	72
104	80
105	81
106	76
107	51
108	91
109	73
110	71
111	66
112	60
113	57
114	80
115	67
116	69
117	51
118	56
119	67
120	78
121	55
122	56
123	68
124	39
125	53
126	61
127	63
128	58
129	52
130	48
131	44
132	35
133	50
134	49
135	53
136	38
137	45
138	45
139	50
140	35
141	34
142	33
143	40
144	40
145	46
146	31
147	37
148	36
149	37
150	37
151	24
152	40
153	36
154	37
155	34
156	45
157	29
158	34
159	22
160	29
161	30
162	40
163	27
164	25
165	24
166	24
167	20
168	35
169	23
170	25
171	20
172	27
173	17
174	25
175	31
176	25
177	17
178	26
179	16
180	24
181	29
182	19
183	23
184	27
185	17
186	18
187	20
188	26
189	17
190	28
191	25
192	14
193	27
194	14
195	17
196	18
197	20
198	11
199	13
200	16
201	18
202	20
203	24
204	22
205	10
206	13
207	18
208	14
209	15
210	11
211	10
212	12
213	17
214	16
215	12
216	21
217	21
218	16
219	16
220	13
221	18
222	10
223	22
224	17
225	13
226	14
227	19
228	17
229	11
230	21
231	18
232	13
233	14
234	13
235	6
236	17
237	10
238	9
239	10
240	14
241	13
242	10
243	11
244	10
245	13
246	9
247	9
248	13
249	22
250	18
251	12
252	14
253	15
254	7
255	10
256	12

