Data Point Listing of File C:\Documents and Settings\NMR\Desktop\FPraktikum\2021\16122021\centerfrquency-1.tnt
Starting Point:	1	Ending Point:	1024
Real	Imag	kHz
-1429.053	170.307	1250.000
2968.179	1740.227	1247.559
5839.210	241.544	1245.117
693.321	6394.438	1242.676
6991.214	2631.921	1240.234
9548.523	1152.455	1237.793
6342.899	5174.985	1235.352
2310.997	-6196.507	1232.910
5018.162	3301.375	1230.469
7505.864	1922.289	1228.027
-5971.069	-2178.716	1225.586
5475.954	1771.937	1223.145
-465.489	-1000.551	1220.703
-3926.766	-1650.805	1218.262
3059.639	-6270.979	1215.820
4311.636	9591.197	1213.379
-1074.273	-4997.719	1210.938
3870.464	4525.318	1208.496
-2176.045	1790.317	1206.055
-1277.091	-440.166	1203.613
2859.054	-8675.602	1201.172
274.043	6581.040	1198.730
-439.855	2413.043	1196.289
8086.102	-1615.910	1193.848
5148.777	2261.593	1191.406
1754.350	-5813.221	1188.965
-5493.806	-3496.713	1186.523
-4833.911	2432.982	1184.082
-486.400	-165.057	1181.641
75.472	3468.017	1179.199
4928.263	882.153	1176.758
4104.538	-3516.757	1174.316
1302.415	2470.154	1171.875
6563.570	-8881.742	1169.434
-1361.172	-721.840	1166.992
2789.357	-3988.204	1164.551
7679.215	3680.769	1162.109
-2643.780	-5562.608	1159.668
-6952.345	1028.952	1157.227
-3603.185	901.503	1154.785
804.367	-3691.060	1152.344
2875.842	2450.824	1149.902
-4240.395	-5589.454	1147.461
3308.446	2851.862	1145.020
173.472	-803.580	1142.578
-848.377	-3481.668	1140.137
-1009.319	1513.871	1137.695
785.789	-7478.264	1135.254
-7329.683	-1170.709	1132.813
-4696.121	-2434.271	1130.371
1897.767	-7102.623	1127.930
5512.825	-2466.205	1125.488
2782.507	10932.970	1123.047
-4327.521	-9663.220	1120.605
-5365.080	-7122.450	1118.164
-1480.000	736.059	1115.723
-4009.172	-3640.923	1113.281
-1396.668	-4628.110	1110.840
1116.609	-8614.560	1108.398
166.774	1368.846	1105.957
-1157.533	2252.810	1103.516
2848.900	-2974.379	1101.074
1192.740	-5748.988	1098.633
-8898.919	6796.130	1096.191
-1494.212	2884.787	1093.750
-841.100	270.506	1091.309
-1068.760	2174.328	1088.867
1166.361	3598.100	1086.426
3855.894	-2996.209	1083.984
-2596.823	306.755	1081.543
2134.406	-1747.036	1079.102
-8150.416	-1510.008	1076.660
2037.052	-281.153	1074.219
-4271.942	-10527.247	1071.777
3233.363	3451.358	1069.336
-26.661	7728.206	1066.895
-15152.980	-4604.365	1064.453
-7248.312	-684.976	1062.012
-8723.970	-5324.167	1059.570
1359.957	-3460.018	1057.129
2498.829	-10636.460	1054.688
434.283	-2273.642	1052.246
2067.302	6723.571	1049.805
-3056.865	-499.163	1047.363
-10185.728	-2130.270	1044.922
1310.438	-7394.775	1042.480
-6565.955	-7202.850	1040.039
9109.721	-3933.341	1037.598
1339.786	-2125.602	1035.156
-2075.923	-3964.090	1032.715
-1081.061	-2418.581	1030.273
6097.165	-2599.933	1027.832
5170.259	-11476.998	1025.391
1061.113	6499.943	1022.949
-5258.292	-1053.605	1020.508
2740.816	10258.687	1018.066
-3386.321	-3407.775	1015.625
-7051.756	1652.038	1013.184
-4044.357	-2478.802	1010.742
10327.133	-3889.568	1008.301
7426.656	3268.389	1005.859
-5047.867	6968.205	1003.418
-286.229	6687.742	1000.977
-4495.870	5867.313	998.535
-7826.689	-8513.168	996.094
-5080.804	-89.565	993.652
6342.524	-4698.219	991.211
-2679.019	-2233.670	988.770
683.585	2870.591	986.328
6425.043	4883.677	983.887
612.529	-6548.776	981.445
-3602.868	-4435.772	979.004
-1931.275	1304.189	976.563
-1285.121	5506.258	974.121
201.473	2229.068	971.680
-11335.785	-3908.800	969.238
-6532.761	701.137	966.797
13625.571	-2931.867	964.355
2054.420	1678.156	961.914
2679.377	-4191.729	959.473
-7660.221	6462.129	957.031
-7452.100	-839.192	954.590
-1773.897	-1259.433	952.148
6014.327	1947.420	949.707
2904.304	-2991.945	947.266
3007.192	97.152	944.824
5750.143	-2183.700	942.383
3343.435	-8608.804	939.941
-1614.244	-2873.323	937.500
-1311.943	-1259.454	935.059
2007.120	-2225.723	932.617
-495.248	-8896.530	930.176
-3837.069	3904.101	927.734
-4367.685	-1561.709	925.293
-2288.315	1199.329	922.852
3066.841	-5450.186	920.410
-2538.258	-2105.013	917.969
-3060.675	-5113.592	915.527
-4489.203	4269.015	913.086
-299.346	826.516	910.645
3394.923	-3609.845	908.203
-6774.121	2249.845	905.762
-2378.506	4512.847	903.320
11439.906	6040.013	900.879
4040.581	59.465	898.438
-662.559	-4971.426	895.996
-1726.082	-5173.117	893.555
-1547.964	5298.545	891.113
4538.256	3586.856	888.672
10294.566	-9216.774	886.230
7430.464	-5107.629	883.789
563.562	4461.200	881.348
-1033.101	6087.738	878.906
-3315.257	2784.825	876.465
-4004.509	-8945.375	874.023
-7142.727	-9339.520	871.582
3871.257	4639.877	869.141
-5873.247	5537.668	866.699
-6299.598	597.602	864.258
10329.923	3597.493	861.816
-6660.605	3378.669	859.375
-7016.188	5651.463	856.934
-14632.666	3193.588	854.492
-669.480	-2171.840	852.051
-826.191	6927.066	849.609
-2957.074	-8088.725	847.168
-4934.653	5584.526	844.727
-4168.724	-12847.944	842.285
-10783.794	-610.540	839.844
6026.273	18836.508	837.402
-2639.945	-96.143	834.961
-1823.182	-507.812	832.520
-1800.236	-7088.906	830.078
-2180.531	445.673	827.637
4275.396	-11020.361	825.195
1853.168	-456.761	822.754
-1959.069	-2767.389	820.313
7271.924	-7392.130	817.871
3308.750	466.950	815.430
846.831	-6871.187	812.988
-1348.149	-5704.066	810.547
3941.461	-11293.948	808.105
11842.938	6138.337	805.664
-3602.201	-1025.156	803.223
976.734	4637.267	800.781
12962.813	234.898	798.340
2143.902	-3783.852	795.898
1000.829	6118.013	793.457
6717.180	12520.101	791.016
-3915.229	7292.575	788.574
-1752.428	4114.496	786.133
6771.069	7124.500	783.691
15418.354	3967.483	781.250
-5775.164	-5670.451	778.809
-1812.625	5507.325	776.367
-1879.074	3701.460	773.926
-3898.680	-1242.706	771.484
4718.225	-652.190	769.043
-9883.973	601.077	766.602
-1762.935	1120.101	764.160
-4362.554	11937.996	761.719
2701.573	-989.074	759.277
2704.390	-6075.377	756.836
1589.354	-8371.030	754.395
-2504.293	2743.336	751.953
-5147.164	-1803.636	749.512
-2103.427	-3725.602	747.070
1777.644	-809.518	744.629
10509.281	-2360.885	742.188
1743.792	7497.198	739.746
-3583.335	510.450	737.305
3535.434	3026.654	734.863
15656.563	9107.418	732.422
4581.830	-966.220	729.980
2083.414	5995.465	727.539
-2139.228	3727.398	725.098
-10173.987	3239.708	722.656
-325.577	515.331	720.215
2471.568	-2528.630	717.773
-6400.021	-8497.099	715.332
3533.821	-3632.660	712.891
6851.500	-14741.473	710.449
-8927.260	7394.566	708.008
3652.854	-1557.256	705.566
-1717.785	528.860	703.125
-967.516	-10951.399	700.684
770.744	-1531.946	698.242
10869.158	-3520.358	695.801
748.241	-3435.229	693.359
2230.164	13225.000	690.918
2406.510	-8450.203	688.477
-6214.487	7170.059	686.035
1787.471	-9821.311	683.594
-17271.160	6015.230	681.152
1556.965	3803.873	678.711
7817.812	1236.345	676.270
-7092.361	3874.466	673.828
2370.104	-6351.239	671.387
4482.110	-2021.260	668.945
-5916.290	-61.310	666.504
-13576.382	-4926.115	664.063
-1831.053	-1416.305	661.621
4961.984	-519.728	659.180
-5190.266	-1490.048	656.738
2923.414	3276.374	654.297
6902.825	3282.377	651.855
-6332.675	11083.719	649.414
4417.826	-9678.289	646.973
3353.176	3809.745	644.531
489.456	493.453	642.090
-6527.017	-5864.019	639.648
1537.211	-288.707	637.207
5563.274	1004.979	634.766
-745.257	7003.736	632.324
-2711.930	-9046.343	629.883
-4820.286	3316.351	627.441
-6194.932	10517.697	625.000
3802.980	8788.050	622.559
-779.535	6627.752	620.117
6343.514	-764.698	617.676
11885.735	-5534.999	615.234
5145.346	3204.564	612.793
-5431.370	675.476	610.352
6171.583	9957.239	607.910
-5324.841	-145.227	605.469
8293.697	-5182.027	603.027
1442.777	-4706.915	600.586
7131.667	-2966.433	598.145
4514.591	-3220.027	595.703
-5151.480	-1656.699	593.262
-6078.179	5576.824	590.820
-5609.742	-12870.623	588.379
-3340.056	9847.069	585.938
-3152.556	9819.134	583.496
2494.566	-1959.687	581.055
3507.753	-6759.201	578.613
6442.730	-2448.742	576.172
1466.322	1471.965	573.730
7385.773	-6769.646	571.289
770.955	2466.076	568.848
7143.623	-10491.885	566.406
-6874.404	813.037	563.965
-16120.085	2478.042	561.523
4138.451	8756.403	559.082
-983.117	-7242.266	556.641
-6326.864	1029.042	554.199
-1900.668	82.119	551.758
-1537.733	4107.436	549.316
-3775.324	-1033.530	546.875
-2718.980	11501.271	544.434
-4800.071	8135.176	541.992
-9505.410	-6078.155	539.551
3743.573	3593.684	537.109
-4476.908	1130.509	534.668
-5762.275	17564.773	532.227
-13507.498	11995.797	529.785
-7284.655	101.590	527.344
-20042.139	8470.321	524.902
-9868.969	21070.420	522.461
-4547.357	9373.352	520.020
-2409.871	27390.355	517.578
-9381.927	15117.469	515.137
-13647.193	23723.314	512.695
605.816	15966.498	510.254
-1951.630	8977.393	507.813
-1806.452	17461.938	505.371
8850.311	26118.957	502.930
5403.574	14774.301	500.488
13586.823	21818.832	498.047
20679.105	21932.213	495.605
1197.655	31989.352	493.164
21426.055	32573.289	490.723
28835.137	24845.719	488.281
26821.307	16018.661	485.840
42830.754	-2110.709	483.398
43138.379	7479.194	480.957
30857.205	-7965.822	478.516
52366.816	-13538.531	476.074
26631.465	-27466.043	473.633
24951.625	-17826.211	471.191
17516.859	-23812.813	468.750
11388.352	-18846.885	466.309
9735.753	-19749.230	463.867
1369.700	-25817.275	461.426
14030.616	-35139.656	458.984
5888.997	-13693.258	456.543
5371.025	-16826.086	454.102
-7292.676	-33886.164	451.660
-10679.201	-23917.553	449.219
-6807.185	-15747.307	446.777
-12187.575	-11749.811	444.336
-3851.540	-10079.950	441.895
-11446.573	-14450.557	439.453
-484.752	-31806.010	437.012
-8905.656	-2465.847	434.570
-1159.546	-21908.559	432.129
-12391.658	-12456.628	429.688
-11072.122	-24716.594	427.246
-13984.837	7200.830	424.805
-2283.860	15928.407	422.363
-14028.823	1037.649	419.922
-8573.404	-19882.840	417.480
-13174.183	-8754.424	415.039
-18314.609	5508.937	412.598
9965.206	-5540.145	410.156
2499.885	12469.351	407.715
-336.503	368.752	405.273
1899.420	1692.320	402.832
-5506.950	1578.406	400.391
-3435.868	6654.269	397.949
-8671.776	-5074.062	395.508
2034.024	703.936	393.066
9981.820	-2568.139	390.625
-1294.400	-253.682	388.184
-5994.643	10959.894	385.742
-5500.847	10285.625	383.301
8174.196	-2553.347	380.859
-765.064	2527.952	378.418
-3748.303	18502.408	375.977
-657.225	765.028	373.535
2624.686	-2885.015	371.094
-13805.967	8657.661	368.652
10956.058	2884.929	366.211
1278.793	2487.700	363.770
3842.739	194.959	361.328
-12185.464	2753.660	358.887
9482.455	-9930.430	356.445
3094.901	-5657.078	354.004
2306.792	-12019.089	351.563
-3193.989	8384.274	349.121
-3069.136	-15348.869	346.680
-7167.793	-21049.020	344.238
-8430.945	1479.421	341.797
11824.692	573.340	339.355
3788.606	3697.930	336.914
3405.053	2189.001	334.473
18147.840	1627.240	332.031
-15867.279	-590.474	329.590
3501.990	-5290.595	327.148
-5564.972	18861.164	324.707
-37.843	-1589.585	322.266
1504.528	3963.542	319.824
7930.932	-7972.176	317.383
2986.703	-4260.085	314.941
-9173.934	-4514.136	312.500
9136.882	3657.239	310.059
-7688.364	-1161.412	307.617
-9411.762	-16186.718	305.176
-6778.131	4948.032	302.734
-17993.236	-2557.433	300.293
-169.161	13081.703	297.852
6364.199	-158.938	295.410
6986.689	5072.178	292.969
-1703.966	4066.077	290.527
-14040.758	8033.275	288.086
3888.018	12463.027	285.645
-23133.029	-14185.730	283.203
13150.453	-1082.986	280.762
2563.091	3603.590	278.320
-9788.262	-7835.062	275.879
2579.028	1046.659	273.438
5992.605	-6220.105	270.996
7715.271	3212.567	268.555
1476.847	4015.202	266.113
-7414.578	-3285.863	263.672
1640.014	-13142.241	261.230
5932.187	-3916.974	258.789
-4152.191	9214.127	256.348
9811.672	18728.291	253.906
3235.130	-3801.521	251.465
-11580.946	2719.776	249.023
-5835.362	-3381.556	246.582
-682.593	6599.349	244.141
-1331.306	-3651.744	241.699
11518.400	-3939.799	239.258
-9032.206	2676.033	236.816
-1877.808	-9370.324	234.375
5040.201	-2082.057	231.934
7410.492	-8457.552	229.492
3502.687	-4760.608	227.051
-3057.385	2472.891	224.609
-637.684	-4838.351	222.168
-4141.457	5026.015	219.727
378.414	-1129.347	217.285
-4222.822	-6750.061	214.844
-147.184	-16871.453	212.402
1464.011	-4392.382	209.961
1325.370	-1175.200	207.520
-9604.375	-85.355	205.078
12886.520	-2005.189	202.637
-1515.433	-3652.921	200.195
-1022.439	7365.488	197.754
8886.944	-1734.241	195.313
7025.523	401.791	192.871
2779.715	-3737.055	190.430
-7132.330	-3245.840	187.988
3031.573	-3437.157	185.547
4962.907	4460.856	183.105
4086.508	15089.998	180.664
2638.052	-722.483	178.223
-3385.880	-2129.151	175.781
7139.851	-11146.428	173.340
-5116.526	-7228.549	170.898
-6661.516	-7831.116	168.457
1116.285	-7901.568	166.016
16194.565	-1576.803	163.574
10345.446	-1516.057	161.133
6430.074	-1382.301	158.691
-195.546	-3191.469	156.250
-6949.331	-13469.834	153.809
5758.261	852.764	151.367
6750.524	7670.967	148.926
-8388.819	3528.598	146.484
3819.891	5212.654	144.043
-1353.864	-13171.756	141.602
6970.272	-882.160	139.160
-1301.617	16845.059	136.719
-6557.076	13306.445	134.277
-16507.734	-7569.745	131.836
-11126.346	-8150.216	129.395
-4723.580	-2352.921	126.953
11129.401	13305.871	124.512
-4136.822	12623.082	122.070
648.223	-429.109	119.629
-10593.211	-1781.085	117.188
1287.732	-2921.788	114.746
6108.366	-1222.491	112.305
-7216.390	-13031.155	109.863
5215.285	-272.297	107.422
-943.154	8512.143	104.980
8929.500	-5055.743	102.539
-437.653	-3103.747	100.098
8284.580	11726.149	97.656
-673.116	2194.987	95.215
3507.692	575.135	92.773
-3967.048	-12613.814	90.332
-6982.446	2136.659	87.891
-11996.834	-220.146	85.449
5569.351	8718.066	83.008
-3642.335	-7786.033	80.566
-11487.626	7668.036	78.125
-4615.981	1416.349	75.684
4263.292	382.402	73.242
1934.946	-5282.639	70.801
-5222.869	2201.743	68.359
-11134.797	-8296.622	65.918
-12334.920	7087.402	63.477
-10226.290	-572.445	61.035
-18958.984	4747.857	58.594
3481.100	2073.462	56.152
2714.074	5487.736	53.711
-4897.911	6268.283	51.270
18292.229	-1077.479	48.828
268.159	-6508.353	46.387
6867.759	-7399.853	43.945
-8349.426	6511.625	41.504
-6142.529	-3570.616	39.063
-709.507	4997.106	36.621
-15.123	-5668.739	34.180
1650.700	4681.947	31.738
2601.768	22324.662	29.297
-2115.523	18604.857	26.855
2561.265	10934.705	24.414
4444.198	-1949.927	21.973
4946.576	-8489.475	19.531
-2997.332	-9437.082	17.090
-16466.410	-2124.941	14.648
13688.961	-685.967	12.207
1076.860	-6752.927	9.766
-6220.756	-625.841	7.324
6476.989	-7642.604	4.883
-4524.526	5792.644	2.441
-9439.822	-10837.807	0.000
11225.207	9064.975	-2.441
1316.660	1861.536	-4.883
2446.713	-2886.476	-7.324
-435.824	-6213.732	-9.766
4897.737	-16384.553	-12.207
-6637.686	-7202.977	-14.648
2629.633	-3830.057	-17.090
2977.527	1099.567	-19.531
-3346.499	-2981.570	-21.973
1343.080	1328.892	-24.414
13280.175	-3779.681	-26.855
-322.604	14434.203	-29.297
5175.229	-315.626	-31.738
-12089.047	7004.593	-34.180
-10080.913	2781.404	-36.621
-2728.095	-5435.240	-39.063
-5118.390	6734.137	-41.504
-3916.673	-3995.761	-43.945
8245.143	7294.658	-46.387
-1627.509	6392.887	-48.828
-5934.219	3746.073	-51.270
3922.433	609.772	-53.711
3161.498	12190.105	-56.152
395.080	-2026.400	-58.594
3766.877	4957.036	-61.035
-4242.880	18322.123	-63.477
-4332.701	-4541.391	-65.918
5550.253	-7232.366	-68.359
-6693.021	2308.989	-70.801
-11310.019	8401.240	-73.242
10284.000	3881.651	-75.684
1831.911	903.323	-78.125
4797.971	1998.137	-80.566
11310.297	-2585.612	-83.008
4880.084	-3767.724	-85.449
-4512.806	8069.265	-87.891
1093.226	-2879.019	-90.332
-674.382	-648.039	-92.773
4746.539	-2937.109	-95.215
-4586.254	8536.875	-97.656
1787.974	4055.257	-100.098
-6245.536	-1651.546	-102.539
1483.126	9343.284	-104.980
-1744.704	4628.403	-107.422
-8071.213	8395.429	-109.863
-959.005	2071.837	-112.305
6473.058	-16145.480	-114.746
3147.234	1962.850	-117.188
-2073.198	-18829.381	-119.629
4047.595	-5843.447	-122.070
2893.957	-7092.392	-124.512
-16241.827	-2313.102	-126.953
12482.176	1756.601	-129.395
7988.688	14400.389	-131.836
9520.021	-1361.251	-134.277
10570.888	10619.125	-136.719
-3694.182	2287.950	-139.160
-13456.365	19355.582	-141.602
7408.942	-7361.667	-144.043
-2755.024	-1631.578	-146.484
-9221.264	406.839	-148.926
-954.263	1705.986	-151.367
-4483.147	-730.180	-153.809
-1313.155	-3721.075	-156.250
-5121.108	-8232.988	-158.691
6553.866	3672.592	-161.133
-837.184	-4842.837	-163.574
710.614	134.517	-166.016
2462.398	-6968.965	-168.457
-9164.481	-1530.458	-170.898
-1656.882	-7819.318	-173.340
-10932.266	185.726	-175.781
-12351.050	-5516.410	-178.223
432.977	2066.478	-180.664
-443.418	-3592.355	-183.105
-3463.349	-3933.260	-185.547
-5968.603	8892.408	-187.988
18648.770	-7366.193	-190.430
11477.562	6649.347	-192.871
-7891.164	-1808.231	-195.313
-4264.347	379.425	-197.754
-7124.594	5125.916	-200.195
1830.859	6626.847	-202.637
-4751.352	4613.650	-205.078
-21528.039	-9530.068	-207.520
-1499.711	-2741.123	-209.961
-6123.560	-17833.166	-212.402
-11492.521	-4993.554	-214.844
2869.159	7301.173	-217.285
-1026.213	-617.049	-219.727
3585.553	-9556.474	-222.168
11294.878	414.996	-224.609
-220.719	5731.725	-227.051
1374.411	-8116.550	-229.492
-9571.746	3788.756	-231.934
-4625.858	-8926.083	-234.375
1372.816	5793.538	-236.816
-3156.042	1415.531	-239.258
8318.756	-1489.876	-241.699
-7514.635	5125.898	-244.141
-8870.301	-8528.190	-246.582
7578.866	5255.075	-249.023
6068.625	-451.408	-251.465
-9601.172	264.521	-253.906
2998.032	-7544.370	-256.348
7094.208	4923.624	-258.789
-1997.214	-1466.299	-261.230
9709.861	4421.375	-263.672
1274.771	6378.284	-266.113
-6615.987	-464.770	-268.555
-2560.518	-5130.699	-270.996
5499.850	2326.352	-273.438
9443.438	7309.900	-275.879
-2569.918	7902.710	-278.320
3874.566	-11709.804	-280.762
7013.222	2628.424	-283.203
12192.407	193.790	-285.645
-5706.600	4137.649	-288.086
9953.248	6172.291	-290.527
4630.748	-5087.456	-292.969
-10652.496	8124.396	-295.410
-11259.151	-4056.793	-297.852
5954.293	4054.560	-300.293
270.413	-3872.117	-302.734
-7056.841	-2704.978	-305.176
-8923.560	-14153.896	-307.617
1389.902	7323.448	-310.059
-2823.506	2884.198	-312.500
55.219	-3912.762	-314.941
-10305.736	9186.377	-317.383
-6847.593	-11076.085	-319.824
-3123.416	4699.764	-322.266
-3107.504	-13068.936	-324.707
-51.877	-8395.758	-327.148
-6575.726	-1088.086	-329.590
-2297.899	-2328.754	-332.031
-3890.414	-5550.426	-334.473
7702.456	-2685.748	-336.914
4471.145	865.830	-339.355
9112.183	1319.291	-341.797
16846.359	-4325.904	-344.238
-4603.124	896.908	-346.680
-6494.041	-3808.489	-349.121
3245.542	-1043.919	-351.563
8114.709	-401.659	-354.004
3481.582	-112.323	-356.445
6606.836	1040.392	-358.887
5196.902	4410.904	-361.328
-6952.869	-19746.465	-363.770
10633.922	-8568.892	-366.211
4012.408	735.988	-368.652
10175.705	-5365.359	-371.094
3446.205	8433.699	-373.535
9377.629	-289.554	-375.977
8736.366	4555.879	-378.418
3954.606	862.728	-380.859
-723.064	642.637	-383.301
9963.993	-1564.427	-385.742
10345.495	6946.398	-388.184
-532.155	1601.529	-390.625
-961.515	-5953.858	-393.066
-4946.291	258.805	-395.508
-8881.512	-2954.111	-397.949
-3086.149	12817.674	-400.391
-1261.331	5116.739	-402.832
-5284.523	-8157.312	-405.273
-9964.620	10063.192	-407.715
-6295.536	104.051	-410.156
5200.645	-4933.009	-412.598
-6124.123	-2554.568	-415.039
471.374	-4074.660	-417.480
-206.026	492.136	-419.922
-638.257	2795.380	-422.363
-4944.571	-4412.430	-424.805
-2478.522	-9834.446	-427.246
204.807	-7983.246	-429.688
-3648.153	10191.321	-432.129
1244.368	-6885.421	-434.570
2318.192	6976.557	-437.012
-3123.217	938.879	-439.453
1955.659	2818.024	-441.895
-4915.008	4984.114	-444.336
-5643.943	4597.136	-446.777
15466.262	-637.349	-449.219
9698.094	10049.408	-451.660
11.331	-132.269	-454.102
3727.392	9669.400	-456.543
9384.195	3293.476	-458.984
-2981.750	-1512.937	-461.426
-6095.393	-4560.312	-463.867
-24.305	3355.439	-466.309
7207.772	-6385.594	-468.750
-9052.940	3130.370	-471.191
3099.817	-1678.293	-473.633
4065.275	-9553.214	-476.074
-7364.480	-28.505	-478.516
-337.620	-11077.006	-480.957
-7964.962	-6408.195	-483.398
-208.747	-3549.149	-485.840
7025.679	4545.323	-488.281
-1976.583	6407.036	-490.723
-2015.989	160.471	-493.164
-4078.211	1578.949	-495.605
-3830.540	-10623.348	-498.047
-3898.337	1666.808	-500.488
7841.936	-15574.076	-502.930
6898.683	-1918.333	-505.371
-3315.436	-229.329	-507.813
5528.910	-5495.192	-510.254
9932.840	-2656.561	-512.695
-6503.898	2501.314	-515.137
1338.663	7216.216	-517.578
3803.383	4410.825	-520.020
-460.391	353.652	-522.461
897.648	7336.836	-524.902
9570.220	-11158.034	-527.344
-5291.814	9649.621	-529.785
-13787.209	-786.336	-532.227
-1423.211	8717.245	-534.668
-4013.923	3327.481	-537.109
-3486.720	-2789.250	-539.551
4918.887	3737.834	-541.992
5698.248	-561.082	-544.434
523.284	2058.191	-546.875
9201.770	2309.681	-549.316
14769.785	4417.359	-551.758
2641.130	-11028.117	-554.199
-6912.796	-4977.563	-556.641
1685.417	-7769.049	-559.082
291.155	2588.882	-561.523
-11663.622	-465.239	-563.965
11160.538	-10147.346	-566.406
5406.227	-2833.705	-568.848
2023.263	11119.298	-571.289
9400.993	3356.013	-573.730
-14307.807	1932.990	-576.172
-9938.699	-8714.923	-578.613
2669.413	1764.817	-581.055
-2972.960	4230.600	-583.496
437.418	-1003.227	-585.938
-2226.409	-3012.551	-588.379
3825.051	-4731.878	-590.820
4718.695	11778.066	-593.262
-8935.303	-9485.299	-595.703
5479.518	3711.798	-598.145
-10743.786	-460.610	-600.586
-1443.427	-9631.898	-603.027
7355.277	-2503.705	-605.469
-2389.371	-821.641	-607.910
3762.865	-1776.684	-610.352
15295.090	3895.733	-612.793
-7355.258	8395.931	-615.234
-1730.671	4518.867	-617.676
-912.564	-12719.745	-620.117
2435.064	5124.865	-622.559
2549.557	-1649.197	-625.000
5963.290	-6010.729	-627.441
7411.876	-641.984	-629.883
853.246	-1033.492	-632.324
4861.128	-1641.927	-634.766
-1775.538	7595.359	-637.207
992.440	-2538.724	-639.648
-2419.855	-1782.333	-642.090
7091.260	-1864.031	-644.531
3898.000	-3005.209	-646.973
-4988.020	-9368.885	-649.414
-1255.404	-8257.206	-651.855
-8932.373	-2702.745	-654.297
2475.779	8635.815	-656.738
-6418.729	5606.007	-659.180
-695.794	-7831.236	-661.621
-4389.421	9302.487	-664.063
4233.108	8799.608	-666.504
2250.926	-7015.297	-668.945
-8544.300	7587.677	-671.387
1726.213	359.095	-673.828
-1802.811	1784.764	-676.270
4942.646	658.628	-678.711
-356.770	7089.621	-681.152
4773.193	915.411	-683.594
-4484.557	-12087.306	-686.035
-10199.819	-5402.322	-688.477
169.123	515.759	-690.918
2276.137	1873.414	-693.359
659.689	-2070.999	-695.801
-1454.160	11194.120	-698.242
13651.088	-1276.000	-700.684
-375.018	8854.434	-703.125
-1351.210	-6998.507	-705.566
5769.959	5399.961	-708.008
-11299.799	4954.379	-710.449
3433.003	-3369.973	-712.891
-9663.172	3648.218	-715.332
-997.503	908.124	-717.773
-422.160	5868.910	-720.215
4705.596	6479.662	-722.656
11700.572	-3977.960	-725.098
4113.276	-10468.037	-727.539
7240.000	-1562.802	-729.980
830.304	1093.773	-732.422
-2145.104	-3054.354	-734.863
-1882.417	1751.541	-737.305
-216.522	202.536	-739.746
-7791.465	6412.008	-742.188
10859.292	2220.167	-744.629
-4120.707	1007.097	-747.070
-8251.994	12893.113	-749.512
-3185.776	-4981.907	-751.953
1723.788	2714.191	-754.395
404.319	1665.929	-756.836
4006.375	-6284.309	-759.277
-3423.320	-5734.136	-761.719
-11036.963	-13069.671	-764.160
241.566	-4511.920	-766.602
-5793.098	3566.930	-769.043
-5888.100	4689.413	-771.484
2340.484	-1803.996	-773.926
6204.773	789.093	-776.367
4948.649	-1248.605	-778.809
7038.507	-4444.897	-781.250
-2813.979	11962.770	-783.691
5091.319	-213.477	-786.133
8174.034	5945.439	-788.574
2799.526	-5758.214	-791.016
2661.538	-5577.633	-793.457
9555.970	1434.998	-795.898
2527.377	-12549.158	-798.340
6523.084	-5787.076	-800.781
1555.421	-2248.603	-803.223
4174.588	-3532.548	-805.664
-2317.236	610.834	-808.105
-3736.292	-5162.454	-810.547
-7885.196	1059.236	-812.988
-11102.139	-2765.750	-815.430
4202.846	-1417.719	-817.871
-4047.135	-3773.040	-820.313
-1657.900	-4973.890	-822.754
3631.759	12335.900	-825.195
-6063.267	-1476.806	-827.637
-4177.823	-2789.648	-830.078
776.483	-4298.477	-832.520
1618.501	8937.229	-834.961
-4384.477	5118.751	-837.402
-1209.310	-9282.793	-839.844
193.180	8059.306	-842.285
-1118.135	-596.080	-844.727
594.878	5213.177	-847.168
-2756.184	-3744.237	-849.609
8110.118	-3402.903	-852.051
-506.823	-2068.044	-854.492
-3473.479	6256.056	-856.934
5026.125	-11490.930	-859.375
-1890.803	-4429.167	-861.816
-3319.319	3810.678	-864.258
-4305.222	4362.822	-866.699
1712.187	5963.182	-869.141
2401.284	-2295.127	-871.582
-4493.854	-926.041	-874.023
-2454.019	1173.979	-876.465
-1100.343	-1089.273	-878.906
728.041	2991.552	-881.348
3562.569	-9979.016	-883.789
678.828	1741.546	-886.230
470.082	-1668.238	-888.672
5944.858	1867.065	-891.113
4368.634	-1230.068	-893.555
-7701.191	-2195.062	-895.996
-5924.143	3785.918	-898.438
-5878.006	2053.501	-900.879
3819.148	8703.955	-903.320
-1550.552	-4181.393	-905.762
3548.347	-5017.227	-908.203
-2602.831	4247.392	-910.645
-7802.975	-3877.380	-913.086
662.673	-851.034	-915.527
1595.470	3916.712	-917.969
-4395.297	2652.415	-920.410
687.623	9895.134	-922.852
-2890.137	1034.899	-925.293
-715.630	3769.585	-927.734
-8623.981	1169.045	-930.176
2375.720	6047.275	-932.617
-6020.122	-6988.069	-935.059
-7631.816	-110.739	-937.500
-2831.169	2870.826	-939.941
4571.824	2375.782	-942.383
2739.202	12069.958	-944.824
-1884.763	-3653.129	-947.266
-2070.529	-2262.235	-949.707
5573.888	-316.794	-952.148
68.817	-6564.591	-954.590
772.783	7473.523	-957.031
7663.852	-5075.939	-959.473
1357.418	4416.134	-961.914
-3225.615	169.307	-964.355
681.295	153.758	-966.797
1010.634	-4371.070	-969.238
1014.642	-8609.164	-971.680
-4945.512	-2025.739	-974.121
-3507.906	1804.443	-976.563
-6112.061	-7614.925	-979.004
4417.096	515.921	-981.445
2209.022	4381.251	-983.887
696.626	5930.719	-986.328
-5055.681	-904.121	-988.770
-1616.665	7449.729	-991.211
8748.162	10385.418	-993.652
-4366.971	-3174.992	-996.094
8001.061	-5573.454	-998.535
-3195.153	410.792	-1000.977
5106.645	7556.999	-1003.418
7370.552	778.949	-1005.859
-8872.272	-1939.039	-1008.301
-4382.276	5473.190	-1010.742
9478.466	-6865.294	-1013.184
-1225.164	3892.496	-1015.625
-4749.134	-1568.223	-1018.066
4877.854	4544.554	-1020.508
-6766.782	-2533.492	-1022.949
334.673	9885.802	-1025.391
-1214.735	3404.143	-1027.832
4954.382	1639.580	-1030.273
-3915.480	-1510.495	-1032.715
-12835.598	-4452.609	-1035.156
-6031.479	-295.811	-1037.598
-2553.077	863.778	-1040.039
1178.369	3703.915	-1042.480
5753.493	4222.121	-1044.922
3222.397	-4338.807	-1047.363
-9849.246	2960.868	-1049.805
8064.559	3739.523	-1052.246
210.121	-5987.472	-1054.688
-869.980	-12717.971	-1057.129
523.864	-84.026	-1059.570
1718.620	1900.602	-1062.012
9342.563	-2547.267	-1064.453
-2339.019	-4054.591	-1066.895
3385.044	-1632.402	-1069.336
-6019.489	-3144.857	-1071.777
-6155.739	-2198.598	-1074.219
2180.959	-2121.710	-1076.660
3142.419	-2073.387	-1079.102
1026.783	1564.533	-1081.543
4531.713	-1094.838	-1083.984
-730.511	5374.516	-1086.426
4057.323	799.872	-1088.867
2097.529	6809.046	-1091.309
800.421	-3888.420	-1093.750
101.348	-11932.436	-1096.191
4705.891	4627.181	-1098.633
6638.880	5712.754	-1101.074
-5304.522	4275.189	-1103.516
-7507.454	-1174.829	-1105.957
1966.059	-619.779	-1108.398
5037.701	-1050.120	-1110.840
-1654.758	4402.834	-1113.281
1820.310	4833.391	-1115.723
-4396.570	-7185.716	-1118.164
2947.869	10202.239	-1120.605
-2166.263	356.907	-1123.047
7122.715	194.389	-1125.488
1861.290	2252.732	-1127.930
-1001.414	-1041.093	-1130.371
-6037.406	1358.414	-1132.813
6975.200	-6778.532	-1135.254
3309.018	7215.164	-1137.695
102.503	3894.630	-1140.137
-7478.133	-3749.794	-1142.578
-4297.901	-2216.652	-1145.020
-3443.518	830.396	-1147.461
1695.341	-1863.850	-1149.902
1137.429	3458.077	-1152.344
1537.761	-263.224	-1154.785
-9117.537	1637.140	-1157.227
1762.073	4997.695	-1159.668
-1532.085	9220.603	-1162.109
-5097.396	-958.064	-1164.551
-4227.925	-2360.295	-1166.992
635.457	-4629.828	-1169.434
-2990.890	-3415.410	-1171.875
7308.329	4712.978	-1174.316
9244.678	-5502.920	-1176.758
-7670.639	-1177.180	-1179.199
-287.083	-2488.439	-1181.641
1982.785	7508.041	-1184.082
-1252.463	-1370.197	-1186.523
2709.875	-250.592	-1188.965
4186.349	6477.059	-1191.406
2256.717	2439.864	-1193.848
5361.064	-2963.669	-1196.289
1980.926	5684.241	-1198.730
1550.768	782.888	-1201.172
2379.445	4776.621	-1203.613
2605.571	3848.141	-1206.055
4980.840	30.225	-1208.496
1865.509	-7434.604	-1210.938
4578.818	-2357.784	-1213.379
-1262.242	-2831.721	-1215.820
4577.548	6027.210	-1218.262
812.563	-4378.713	-1220.703
-1841.058	9596.443	-1223.145
-6541.811	-1488.209	-1225.586
-2197.669	1361.268	-1228.027
-7623.158	-117.351	-1230.469
-5976.262	298.055	-1232.910
-1566.018	5894.121	-1235.352
-532.055	6104.771	-1237.793
201.116	12467.017	-1240.234
-6309.241	10896.263	-1242.676
4412.560	-1360.843	-1245.117
3059.033	-766.465	-1247.559
