Data Point Listing of File C:\Documents and Settings\NMR\Desktop\FPraktikum\2021\16122021\centerfrquency-1.tnt
Starting Point:	1	Ending Point:	1024
Real	Imag	kHz
-179.967	-4867.672	1250.000
6464.756	379.730	1247.559
-4231.143	-790.354	1245.117
-4421.492	2739.574	1242.676
-7787.605	6034.732	1240.234
-4411.078	-1973.474	1237.793
-3112.367	-6920.689	1235.352
4330.094	-2390.441	1232.910
316.000	3533.732	1230.469
1041.000	-2434.788	1228.027
-4397.723	3057.982	1225.586
-5043.000	-9881.391	1223.145
1701.732	-5331.566	1220.703
959.385	-7345.221	1218.262
405.159	3258.434	1215.820
5534.392	-6655.238	1213.379
8496.334	5164.902	1210.938
-1176.470	5008.266	1208.496
-3259.906	5745.668	1206.055
822.113	-2622.873	1203.613
-996.768	5118.327	1201.172
-1851.348	-3799.291	1198.730
-1164.732	3504.570	1196.289
-2396.633	-6203.248	1193.848
-3396.766	-2951.773	1191.406
648.234	714.699	1188.965
1070.980	-6040.152	1186.523
-7983.973	-4659.492	1184.082
-5211.366	9439.090	1181.641
312.360	5178.129	1179.199
106.574	1827.668	1176.758
-6895.199	4065.465	1174.316
-5728.930	-216.578	1171.875
-12076.125	-2189.762	1169.434
-710.336	2317.887	1166.992
-7479.688	7643.123	1164.551
-3455.898	4399.732	1162.109
-1620.352	-3145.326	1159.668
-5306.156	2806.040	1157.227
8007.922	1741.242	1154.785
4756.266	3910.230	1152.344
-4793.609	-100.324	1149.902
8787.016	-6808.293	1147.461
6934.375	4932.031	1145.020
1597.109	-3441.547	1142.578
-6955.625	-1253.656	1140.137
-3343.438	-2980.578	1137.695
-2852.305	-11784.547	1135.254
443.504	6535.344	1132.813
3307.168	949.438	1130.371
-2185.664	-5197.563	1127.930
199.242	-1847.828	1125.488
-1631.672	1155.297	1123.047
-3915.359	4161.484	1120.605
959.266	3394.156	1118.164
1562.000	-4301.008	1115.723
3282.563	-6154.793	1113.281
-4095.422	1094.824	1110.840
5415.000	10637.242	1108.398
1047.828	-3137.684	1105.957
1178.555	-6348.977	1103.516
-301.070	5082.934	1101.074
342.250	-1858.242	1098.633
946.766	3446.574	1096.191
-10546.871	7490.648	1093.750
5493.977	3122.891	1091.309
-7168.746	8554.582	1088.867
1596.896	-35.453	1086.426
-8890.721	-9768.023	1083.984
-682.551	-6445.973	1081.543
-128.924	-8913.643	1079.102
8665.701	5704.059	1076.660
-136.653	-1482.191	1074.219
10401.949	3883.143	1071.777
3462.840	1159.540	1069.336
-665.691	10722.848	1066.895
-2882.030	-3574.111	1064.453
4062.566	4987.721	1062.012
608.253	-4736.509	1059.570
-2666.368	3466.327	1057.129
-2962.209	-152.204	1054.688
-147.866	933.016	1052.246
-6114.057	3170.330	1049.805
-1290.400	580.939	1047.363
-236.480	3079.146	1044.922
9351.268	3338.302	1042.480
3066.114	-1075.940	1040.039
2808.571	7328.740	1037.598
-1204.797	-2296.141	1035.156
760.774	-2272.728	1032.715
-9383.621	-10741.506	1030.273
1663.293	-53.787	1027.832
108.698	808.037	1025.391
-1625.162	2372.680	1022.949
1916.867	3718.020	1020.508
1859.169	952.323	1018.066
4724.724	3436.900	1015.625
-236.554	359.559	1013.184
-3448.114	4781.897	1010.742
932.865	1684.983	1008.301
2753.968	1851.567	1005.859
-3336.007	3044.625	1003.418
-5331.816	-8786.433	1000.977
3469.783	-1891.772	998.535
-524.715	-1483.807	996.094
2898.746	11880.369	993.652
2460.299	1914.681	991.211
3498.715	1224.039	988.770
5035.060	-6776.948	986.328
-7221.194	2031.835	983.887
3498.507	3024.751	981.445
3549.058	3317.043	979.004
339.011	-6969.975	976.563
2468.405	-6207.710	974.121
3215.820	-720.376	971.680
456.158	4974.832	969.238
-4986.129	-4936.152	966.797
-578.354	500.946	964.355
-2893.674	-1136.509	961.914
-1152.799	9639.280	959.473
-3465.319	350.935	957.031
4270.837	-6314.375	954.590
-2983.096	-4793.793	952.148
-3970.990	-2909.268	949.707
2127.179	-1295.504	947.266
-1795.403	-4739.917	944.824
-2570.889	2901.717	942.383
1518.115	6732.813	939.941
7479.871	5255.497	937.500
1184.720	-3757.089	935.059
-7171.873	-5903.292	932.617
18.205	1222.922	930.176
2101.794	-1024.791	927.734
3729.147	2274.269	925.293
-3203.371	585.190	922.852
-14443.601	-3137.854	920.410
1521.453	17037.340	917.969
-858.405	-5435.073	915.527
853.511	-7052.195	913.086
4266.201	8584.391	910.645
-372.268	1277.754	908.203
2989.462	1822.652	905.762
-243.614	-4474.593	903.320
808.432	1390.135	900.879
1417.472	3866.459	898.438
-7927.916	-3129.654	895.996
-4526.694	2279.240	893.555
-25.147	3961.723	891.113
2370.721	4283.144	888.672
-1092.450	2159.103	886.230
9071.574	3732.113	883.789
-441.920	-6184.367	881.348
2459.619	-1081.506	878.906
8815.485	-1957.833	876.465
2165.641	8897.574	874.023
5280.202	-4642.353	871.582
5083.992	-6471.646	869.141
117.521	8566.970	866.699
-4277.020	3018.592	864.258
-4492.956	-10911.474	861.816
9429.605	6705.768	859.375
3319.299	-9427.271	856.934
450.660	1489.480	854.492
3131.389	3895.432	852.051
-10850.047	-7233.075	849.609
-2766.893	3795.530	847.168
4812.196	-7873.971	844.727
1860.396	8724.814	842.285
10385.432	6002.644	839.844
-4530.816	4520.392	837.402
2266.627	8186.981	834.961
-4414.307	2130.430	832.520
1012.256	929.056	830.078
-7722.900	-990.384	827.637
7461.881	2102.916	825.195
-7737.643	-5049.682	822.754
-1976.448	6832.669	820.313
4304.042	5091.398	817.871
5166.794	-5663.096	815.430
3018.673	-9691.671	812.988
-8101.901	-4355.879	810.547
-4205.708	2006.357	808.105
6233.797	-5566.028	805.664
10169.998	-2848.736	803.223
1137.169	5656.259	800.781
4453.414	9496.816	798.340
7755.829	7773.090	795.898
16875.270	15597.653	793.457
3520.555	-1136.795	791.016
6217.752	4618.022	788.574
17140.352	-9201.763	786.133
-4264.130	34.648	783.691
573.452	-10172.585	781.250
1352.500	-2835.750	778.809
-115.875	492.470	776.367
-203.294	1094.819	773.926
-6259.908	-999.626	771.484
-146.635	840.121	769.043
11466.570	663.530	766.602
-1197.313	-8254.571	764.160
-7712.497	-4815.252	761.719
9537.646	-13601.111	759.277
8516.193	1779.609	756.836
-6214.511	424.265	754.395
-7597.155	-7901.997	751.953
-8482.056	-3261.260	749.512
2540.886	5111.431	747.070
4675.546	12570.499	744.629
10077.452	1569.289	742.188
2508.858	-4469.278	739.746
-13369.521	8022.366	737.305
-4514.457	11755.756	734.863
15463.659	3018.185	732.422
-10571.520	14585.678	729.980
10080.548	498.008	727.539
8503.529	-422.638	725.098
-3483.648	210.106	722.656
-2120.708	7734.082	720.215
4260.438	1125.632	717.773
1642.785	8009.022	715.332
-4361.761	-4552.339	712.891
2619.867	1516.578	710.449
9184.473	-293.077	708.008
1840.765	-3335.190	705.566
422.926	-1860.292	703.125
-436.627	-2346.634	700.684
5626.627	-2535.860	698.242
-548.552	-14566.213	695.801
6093.320	-4047.704	693.359
4117.665	-9568.648	690.918
6914.156	752.829	688.477
-890.880	4440.082	686.035
11085.504	-13409.218	683.594
-2372.114	-11226.806	681.152
13212.272	1566.269	678.711
4577.396	2752.962	676.270
-14104.133	-3317.145	673.828
7782.020	2222.446	671.387
5383.348	6402.915	668.945
3977.489	1125.347	666.504
-6633.976	9998.559	664.063
-958.936	5563.176	661.621
4668.519	-3110.975	659.180
5540.683	-2356.386	656.738
700.057	-1964.135	654.297
-2614.864	4438.220	651.855
11485.206	10628.398	649.414
4377.400	-2407.228	646.973
1135.280	4450.083	644.531
-1386.650	-7822.583	642.090
-2220.501	1879.500	639.648
3325.801	-1113.713	637.207
7472.205	-3836.758	634.766
11107.067	-1750.854	632.324
260.817	15460.763	629.883
4056.014	6359.744	627.441
16796.766	-7204.187	625.000
-9193.343	-545.785	622.559
10408.194	6376.201	620.117
5768.927	-4392.480	617.676
167.116	11267.192	615.234
-3348.012	-1392.484	612.793
-4187.136	-4693.067	610.352
4529.503	-3430.385	607.910
7619.586	-5447.850	605.469
11454.719	-6338.059	603.027
7792.953	-9558.379	600.586
1730.670	4328.652	598.145
8927.666	-7140.726	595.703
11104.109	-1131.685	593.262
10247.272	-12372.815	590.820
8350.784	8108.531	588.379
1426.193	-4666.853	585.938
262.194	4188.355	583.496
7090.420	-3422.861	581.055
3926.095	4008.117	578.613
660.985	3721.964	576.172
-13380.956	-4453.457	573.730
-1251.505	1253.799	571.289
1336.982	-4733.891	568.848
4535.490	-9596.872	566.406
-12291.445	-8520.928	563.965
10500.021	3859.470	561.523
10609.629	1719.420	559.082
7394.336	-994.717	556.641
-3424.541	-703.011	554.199
1269.746	-326.219	551.758
-15019.276	-14.951	549.316
10246.107	7369.364	546.875
5070.318	15630.230	544.434
5219.971	-8295.528	541.992
-3240.544	1503.959	539.551
7500.563	5156.015	537.109
-6696.680	11116.213	534.668
15343.184	-5805.730	532.227
7092.787	-5114.723	529.785
-4494.144	2754.856	527.344
11152.639	10630.383	524.902
7412.490	7988.327	522.461
11663.066	-10428.734	520.020
10027.191	1774.651	517.578
8301.834	-3061.374	515.137
1771.857	-4946.815	512.695
-4445.689	7940.060	510.254
596.709	10525.939	507.813
6596.873	2324.189	505.371
-1221.743	-3863.652	502.930
9339.666	6114.600	500.488
-1444.678	872.387	498.047
-601.728	-1090.098	495.605
-5074.626	3042.864	493.164
1324.801	-1694.762	490.723
-4849.408	12062.711	488.281
8290.928	-25.376	485.840
7512.452	3466.374	483.398
8626.779	9099.704	480.957
2107.985	-6821.612	478.516
-4388.264	8285.471	476.074
6524.632	-6317.429	473.633
4138.042	6515.850	471.191
4977.637	4883.065	468.750
-4241.121	-1693.787	466.309
263.829	-52.349	463.867
-2238.729	-568.972	461.426
19653.297	2007.459	458.984
352.695	7346.431	456.543
13219.561	-12651.850	454.102
-2902.936	4589.608	451.660
-2906.026	-977.499	449.219
-8401.050	10300.002	446.777
-1713.311	3309.875	444.336
9238.258	-793.317	441.895
1923.142	6491.479	439.453
-1768.005	2127.321	437.012
-1004.063	-7243.625	434.570
1600.735	9559.685	432.129
6933.520	12333.338	429.688
-5726.139	6141.108	427.246
9994.184	-490.889	424.805
8862.641	-3542.607	422.363
2693.192	-3731.917	419.922
6442.292	4430.754	417.480
3361.626	17488.082	415.039
3346.507	-5671.641	412.598
1044.580	1533.807	410.156
-1628.610	3635.016	407.715
977.865	-6100.056	405.273
12861.092	6702.831	402.832
2320.569	10184.861	400.391
-532.188	-1962.864	397.949
14450.438	6606.727	395.508
-7259.082	-1132.707	393.066
5254.734	-11748.195	390.625
831.140	5983.074	388.184
18963.066	450.833	385.742
-1159.890	2826.460	383.301
-6842.425	1695.341	380.859
3243.916	-2884.550	378.418
7736.355	994.481	375.977
-9660.813	-2134.138	373.535
4385.351	-2428.573	371.094
969.224	5068.146	368.652
13505.902	6738.725	366.211
-3634.668	14253.387	363.770
10824.918	6259.669	361.328
5338.479	7287.281	358.887
4299.641	-7132.622	356.445
3901.418	3486.516	354.004
9811.991	474.364	351.563
6772.509	-8664.567	349.121
8681.372	1239.244	346.680
-1625.279	1875.034	344.238
7342.164	-4904.167	341.797
11843.339	10861.639	339.355
10639.812	-5355.163	336.914
8560.213	-8565.068	334.473
9422.496	674.880	332.031
12968.336	734.369	329.590
8346.803	4901.302	327.148
3365.409	-8349.603	324.707
177.444	-4091.346	322.266
10873.462	5072.197	319.824
3446.066	1130.689	317.383
12915.049	1597.691	314.941
7388.104	1449.153	312.500
11967.482	1649.473	310.059
-6886.652	2654.338	307.617
6808.540	2361.533	305.176
1503.219	8162.359	302.734
8578.416	-21.678	300.293
-6418.292	159.048	297.852
9966.803	-9559.593	295.410
6145.227	6590.396	292.969
1099.559	891.050	290.527
6788.896	6240.134	288.086
-2645.633	-5382.879	285.645
196.971	-303.000	283.203
9848.219	-2200.577	280.762
8398.360	-4623.613	278.320
4366.221	-9010.796	275.879
2017.903	8492.455	273.438
9697.786	-102.240	270.996
12962.017	6134.082	268.555
3295.715	8975.016	266.113
6988.215	1554.778	263.672
6586.616	-1740.374	261.230
6373.736	-11269.834	258.789
-3202.631	-3473.823	256.348
-426.332	3660.172	253.906
9244.391	-5762.451	251.465
-9815.938	11425.637	249.023
-4716.720	-9430.717	246.582
23114.227	2323.140	244.141
11350.726	-9053.209	241.699
4825.833	9690.632	239.258
-4553.573	6188.785	236.816
8072.340	1078.048	234.375
12534.335	6361.865	231.934
4106.138	11272.404	229.492
-6387.996	-7105.379	227.051
5166.507	4286.066	224.609
5526.417	-5363.055	222.168
6461.039	5521.837	219.727
15215.756	15693.338	217.285
9152.518	-7830.299	214.844
1558.436	12037.359	212.402
4606.616	4146.330	209.961
-6678.929	290.087	207.520
-1290.250	-11733.334	205.078
311.485	10944.284	202.637
-2412.589	8115.579	200.195
4694.420	2723.442	197.754
23556.750	-9574.965	195.313
-4326.563	-3944.763	192.871
70.693	-7696.687	190.430
8287.470	5288.942	187.988
14642.378	-8767.818	185.547
1413.372	-5745.512	183.105
7211.463	2433.461	180.664
5836.649	-2657.992	178.223
22326.090	-6682.381	175.781
12567.303	10895.980	173.340
-4121.139	-1863.899	170.898
14405.620	13415.814	168.457
3497.615	-6240.424	166.016
3796.061	4072.206	163.574
5268.473	-2372.446	161.133
13778.956	11454.322	158.691
15981.208	10220.428	156.250
5771.033	-2170.517	153.809
12578.270	-3371.764	151.367
13762.399	-139.728	148.926
17648.207	5819.724	146.484
7931.440	5989.064	144.043
-1090.850	14442.343	141.602
13063.613	-1132.305	139.160
7902.347	6898.355	136.719
4925.544	-13753.352	134.277
-456.505	-13611.349	131.836
3859.953	-5361.922	129.395
3858.808	546.681	126.953
4295.304	-4080.995	124.512
18579.863	-2637.116	122.070
20598.492	-5420.557	119.629
8853.161	6658.554	117.188
-2370.429	-8453.851	114.746
3916.545	-9560.592	112.305
726.743	-3349.582	109.863
3121.913	-5360.055	107.422
-1279.569	-8049.222	104.980
9953.616	-15735.964	102.539
13725.926	-17070.000	100.098
4143.986	-8199.446	97.656
-2591.959	5131.880	95.215
3921.112	7789.902	92.773
7432.278	10882.514	90.332
6693.099	1125.656	87.891
4521.758	2100.682	85.449
3466.385	28.167	83.008
15129.893	3117.034	80.566
7848.961	-5802.910	78.125
6183.903	10773.232	75.684
26591.258	-1685.194	73.242
15119.594	6384.121	70.801
27758.164	-3846.602	68.359
11261.394	6005.904	65.918
24273.777	-83.646	63.477
17593.250	-17185.805	61.035
35627.074	-14750.447	58.594
18785.703	-11515.014	56.152
18437.547	-11113.793	53.711
14968.492	-10564.220	51.270
20589.113	-7123.912	48.828
29299.672	-16947.242	46.387
19834.004	-18414.219	43.945
2364.813	-25388.568	41.504
-12125.911	-6989.872	39.063
8448.338	-10072.265	36.621
-3632.357	-22190.539	34.180
-5828.430	-6770.931	31.738
-7638.102	-125.370	29.297
-3270.301	-6633.756	26.855
-3539.327	8159.666	24.414
-17536.656	18694.023	21.973
-13072.879	15014.869	19.531
-17212.637	24542.314	17.090
-10956.517	19959.236	14.648
-10087.339	31588.389	12.207
-396.262	44096.406	9.766
4305.753	47825.984	7.324
4710.686	54642.980	4.883
17040.928	55931.953	2.441
46842.734	74498.992	0.000
53891.586	50378.559	-2.441
61975.805	43076.703	-4.883
84934.859	35868.164	-7.324
87890.547	39396.086	-9.766
88512.813	12353.347	-12.207
102814.883	-10039.400	-14.648
93326.164	-1358.923	-17.090
100103.141	-32706.365	-19.531
91382.109	-34114.941	-21.973
77024.813	-62454.031	-24.414
61039.516	-69280.000	-26.855
46567.672	-80587.219	-29.297
34778.844	-71918.500	-31.738
23183.398	-71942.328	-34.180
8652.134	-81226.203	-36.621
-7610.730	-69429.438	-39.063
-18249.152	-71929.836	-41.504
-29110.414	-49734.480	-43.945
-39535.492	-49434.164	-46.387
-46849.188	-23603.328	-48.828
-47877.680	6790.305	-51.270
-62083.195	1226.794	-53.711
-51577.266	31176.826	-56.152
-56291.273	47246.305	-58.594
-42634.027	68810.125	-61.035
-21289.275	82969.047	-63.477
-2867.627	100215.344	-65.918
9134.829	101133.594	-68.359
26014.637	124358.922	-70.801
64069.316	121243.031	-73.242
84766.500	118977.391	-75.684
124553.273	115115.109	-78.125
138128.547	130430.938	-80.566
154455.375	104104.969	-83.008
193644.656	73148.469	-85.449
209334.938	52010.383	-87.891
235459.719	45878.219	-90.332
249098.453	15840.673	-92.773
281806.813	-14368.518	-95.215
300476.125	-54730.363	-97.656
314507.813	-86566.734	-100.098
318375.375	-130444.969	-102.539
331386.500	-191257.016	-104.980
300490.875	-264429.313	-107.422
299450.156	-320089.344	-109.863
254046.828	-405423.500	-112.305
201253.531	-481213.875	-114.746
100572.000	-527800.375	-117.188
-33892.102	-564811.875	-119.629
-156703.031	-531481.688	-122.070
-248638.750	-467226.313	-124.512
-309832.313	-375843.563	-126.953
-358809.688	-289735.625	-129.395
-358932.875	-206777.563	-131.836
-361368.500	-146420.313	-134.277
-334126.000	-84941.406	-136.719
-315891.438	-32456.223	-139.160
-288335.750	2029.185	-141.602
-267476.938	48171.324	-144.043
-222663.781	66145.289	-146.484
-198124.125	73915.344	-148.926
-168585.188	79142.133	-151.367
-142113.172	87550.984	-153.809
-130216.781	103771.367	-156.250
-97656.094	95238.570	-158.691
-76961.875	78999.594	-161.133
-59437.516	77737.188	-163.574
-57376.547	55472.703	-166.016
-41786.414	61271.512	-168.457
-26556.936	53681.438	-170.898
-34236.156	41213.367	-173.340
-30053.777	40511.602	-175.781
-30108.605	37923.578	-178.223
-29308.590	30343.500	-180.664
-18348.354	15505.387	-183.105
-29279.770	13306.811	-185.547
-23508.598	13206.342	-187.988
-18213.148	18278.910	-190.430
-34035.156	25671.871	-192.871
-19103.127	19452.457	-195.313
-18409.184	21884.355	-197.754
-19525.049	23890.197	-200.195
-4732.656	8576.758	-202.637
-17657.777	10775.282	-205.078
-14262.975	9531.247	-207.520
-17227.539	5569.293	-209.961
-21101.426	-4512.003	-212.402
-7139.189	10670.918	-214.844
-17591.848	4901.318	-217.285
-22916.873	6486.251	-219.727
-12281.953	11363.105	-222.168
-23509.859	8905.699	-224.609
-9632.572	2475.445	-227.051
-16369.070	-7331.525	-229.492
-7303.202	4148.640	-231.934
-11182.722	-4157.349	-234.375
-15478.150	9790.123	-236.816
-15417.274	-4483.162	-239.258
-25297.365	1560.208	-241.699
-13843.999	13176.276	-244.141
-21256.848	6656.219	-246.582
-23430.725	9246.099	-249.023
-16952.352	6658.808	-251.465
-10582.977	-2305.471	-253.906
-18754.244	-1708.235	-256.348
-23523.992	-6417.917	-258.789
-27620.082	588.860	-261.230
-20073.527	6684.290	-263.672
-10593.989	-4294.498	-266.113
-14508.114	8913.637	-268.555
-12249.939	809.704	-270.996
-19383.918	8432.472	-273.438
-7570.451	-1464.196	-275.879
-17250.225	8503.906	-278.320
-13385.654	4667.071	-280.762
-6311.714	2430.209	-283.203
-15193.512	5616.626	-285.645
-12558.154	7761.520	-288.086
-4133.261	9562.888	-290.527
-5269.093	-5827.905	-292.969
-14909.370	22787.258	-295.410
-2456.432	5084.804	-297.852
-3020.451	10558.917	-300.293
-6364.653	16112.775	-302.734
-4039.072	2348.967	-305.176
-15338.932	-378.026	-307.617
-2555.414	12114.021	-310.059
1496.445	7378.378	-312.500
-4488.229	1119.345	-314.941
-7969.863	2707.535	-317.383
-12139.359	-3265.697	-319.824
-12443.956	-15.244	-322.266
-14911.184	7196.932	-324.707
-15106.387	3639.207	-327.148
-14798.833	-3380.795	-329.590
-10921.557	-5970.991	-332.031
-13524.722	2884.159	-334.473
-16708.367	14822.824	-336.914
-3823.153	-4117.952	-339.355
-10828.444	125.488	-341.797
-9589.811	4864.762	-344.238
-6529.282	-7247.520	-346.680
-8122.065	9891.235	-349.121
-1196.268	3195.261	-351.563
4704.533	-4160.604	-354.004
-16348.886	6193.754	-356.445
-18493.832	5243.927	-358.887
-9820.211	3380.404	-361.328
-12146.135	-6899.641	-363.770
-2514.146	-230.640	-366.211
-7398.693	4521.214	-368.652
-18074.016	19703.643	-371.094
-4915.471	4931.756	-373.535
-270.365	-6949.735	-375.977
-14987.992	-3706.897	-378.418
-5737.148	-8040.664	-380.859
-8311.516	12745.312	-383.301
-4755.537	4299.636	-385.742
1755.790	2351.634	-388.184
-9042.082	-13678.752	-390.625
-6924.546	1634.352	-393.066
-9076.607	4403.517	-395.508
-16554.563	15362.119	-397.949
-787.066	631.373	-400.391
1949.777	-1615.718	-402.832
-17579.027	-5723.468	-405.273
-8981.768	-9193.203	-407.715
-3243.113	839.797	-410.156
4795.550	-849.869	-412.598
-1060.617	-399.177	-415.039
-4449.005	2647.934	-417.480
-12616.451	2712.061	-419.922
-13738.701	3156.719	-422.363
-6033.961	406.747	-424.805
-9674.623	-1586.344	-427.246
-3844.631	14551.437	-429.688
-13374.707	11555.223	-432.129
-13652.347	-2081.920	-434.570
2421.094	-6311.321	-437.012
-1872.391	-1223.326	-439.453
-3238.612	4577.429	-441.895
-6890.623	-2140.104	-444.336
3725.201	4306.500	-446.777
38.411	7952.133	-449.219
-9055.046	10402.586	-451.660
-9697.583	-9209.287	-454.102
4930.541	-1059.050	-456.543
-9434.287	-1448.037	-458.984
4850.585	-5620.367	-461.426
10828.819	11503.083	-463.867
-6332.779	892.646	-466.309
-18696.840	10101.509	-468.750
-11777.881	5166.669	-471.191
-1050.574	455.819	-473.633
-11476.854	3893.346	-476.074
1580.266	11964.406	-478.516
-80.182	-9407.697	-480.957
-6807.679	-7822.075	-483.398
81.708	8918.372	-485.840
6815.875	-2365.876	-488.281
1738.102	-1042.311	-490.723
-6321.877	-6235.675	-493.164
8756.146	-1208.262	-495.605
-8185.380	8920.396	-498.047
-5941.881	-14721.686	-500.488
-11225.105	4616.936	-502.930
-2975.218	2831.704	-505.371
-13585.589	7535.708	-507.813
-3209.369	5095.712	-510.254
3378.702	6663.107	-512.695
-10969.510	1288.585	-515.137
-2162.585	12711.655	-517.578
7049.928	1445.195	-520.020
-1158.229	4210.979	-522.461
2914.413	4470.521	-524.902
4934.447	-925.366	-527.344
-3616.066	-5748.206	-529.785
-5039.334	4528.121	-532.227
-10332.816	696.929	-534.668
-1739.441	-58.920	-537.109
-7020.294	412.422	-539.551
-8762.082	-3677.660	-541.992
-6131.176	-8907.079	-544.434
-5516.076	-10202.068	-546.875
-9701.726	-6291.763	-549.316
-2655.841	1161.237	-551.758
-7883.150	7937.725	-554.199
-4745.052	-3660.811	-556.641
-4229.407	-498.748	-559.082
-897.259	-1608.664	-561.523
-237.720	-1415.016	-563.965
-5537.207	-2161.907	-566.406
8830.514	2163.019	-568.848
-4519.181	-9989.980	-571.289
-9127.628	-2930.090	-573.730
4186.096	-2923.736	-576.172
4180.189	2443.040	-578.613
-3338.715	5222.068	-581.055
-3496.285	5523.946	-583.496
1828.074	3476.506	-585.938
5488.283	-6676.893	-588.379
-20344.609	4254.809	-590.820
-14402.718	-3423.349	-593.262
-1833.945	7769.391	-595.703
2337.118	8795.776	-598.145
-4363.466	3818.315	-600.586
7044.523	-3633.807	-603.027
-10062.126	8139.829	-605.469
1692.349	-4997.823	-607.910
-5905.917	4072.091	-610.352
-11843.143	3427.956	-612.793
1719.321	2777.396	-615.234
-10546.876	-1710.632	-617.676
2272.694	-5674.011	-620.117
-4254.059	-1340.033	-622.559
-4234.511	2060.626	-625.000
-12622.021	2911.324	-627.441
-164.519	1570.663	-629.883
-8390.989	13285.898	-632.324
2249.575	2659.143	-634.766
-2021.742	-2337.592	-637.207
-6611.133	7034.119	-639.648
-12813.456	6432.181	-642.090
-1632.161	5900.638	-644.531
-5169.848	7466.688	-646.973
-2909.125	-1791.162	-649.414
3782.494	2191.657	-651.855
-17133.213	2807.269	-654.297
-14.387	-2268.999	-656.738
-7634.604	5919.927	-659.180
1737.448	351.778	-661.621
279.511	-1922.476	-664.063
-9986.595	-4873.020	-666.504
629.963	-1562.645	-668.945
-6426.083	5822.573	-671.387
-13500.131	1644.656	-673.828
3470.378	9390.310	-676.270
-7672.655	-2127.776	-678.711
-1285.908	8409.573	-681.152
534.612	3113.468	-683.594
-230.445	5469.603	-686.035
6527.103	6477.011	-688.477
-3603.213	-6319.201	-690.918
-19.562	7037.881	-693.359
-10364.984	403.601	-695.801
9355.213	-3426.016	-698.242
-7467.882	-9702.357	-700.684
258.806	-4272.220	-703.125
-11434.943	7422.090	-705.566
-164.417	-4703.331	-708.008
-471.526	2756.365	-710.449
-11065.906	-1273.387	-712.891
3868.446	789.696	-715.332
-9427.512	2903.626	-717.773
-963.256	3449.339	-720.215
2235.534	-914.362	-722.656
814.362	-2856.614	-725.098
-5878.740	5373.970	-727.539
-6143.441	-1989.125	-729.980
-4236.614	4878.599	-732.422
-2108.427	-7594.751	-734.863
-7019.841	2270.347	-737.305
-7996.654	7004.144	-739.746
-12728.459	10884.748	-742.188
-4642.972	3710.686	-744.629
-8338.827	-4566.379	-747.070
5200.162	5222.979	-749.512
-6604.884	-3507.684	-751.953
-292.912	-4155.449	-754.395
-4613.624	620.050	-756.836
-4864.238	-469.746	-759.277
287.987	1695.512	-761.719
-6909.975	2399.958	-764.160
1123.688	8001.281	-766.602
-1924.537	9660.491	-769.043
2450.163	3515.846	-771.484
-389.619	3912.233	-773.926
-2787.093	-4063.293	-776.367
-9692.424	-2696.564	-778.809
-239.848	-2574.452	-781.250
-6687.559	-1014.908	-783.691
9044.590	-3832.522	-786.133
1802.592	-8872.035	-788.574
12035.931	-420.219	-791.016
4504.802	-4207.369	-793.457
-3928.748	2100.107	-795.898
-7362.060	1071.762	-798.340
-2823.456	8659.285	-800.781
-8522.896	4577.291	-803.223
-1447.290	3044.793	-805.664
1516.549	-1824.152	-808.105
12174.194	2188.291	-810.547
-1231.640	2847.626	-812.988
-2883.484	-2431.650	-815.430
1781.671	5273.050	-817.871
-4844.085	-8855.148	-820.313
5893.224	-11109.331	-822.754
1591.938	-1573.082	-825.195
-4130.027	8290.371	-827.637
-4108.582	9111.525	-830.078
-1969.385	-952.260	-832.520
7397.110	-1467.758	-834.961
922.394	-1274.684	-837.402
3594.702	-1435.690	-839.844
-3174.157	4048.607	-842.285
706.125	-7707.884	-844.727
-3483.830	1634.533	-847.168
-6400.812	7007.496	-849.609
-3442.927	3227.981	-852.051
-7224.857	-3057.828	-854.492
1489.880	6327.069	-856.934
7610.615	-3959.847	-859.375
5265.564	6757.137	-861.816
2013.615	1223.076	-864.258
-3482.835	-1506.341	-866.699
1143.115	618.938	-869.141
-2728.973	1435.177	-871.582
2603.280	1957.305	-874.023
428.017	5402.688	-876.465
-6572.261	4627.082	-878.906
-6595.508	-2627.876	-881.348
-1953.470	-1465.085	-883.789
-907.571	-1151.605	-886.230
-1556.980	-7479.457	-888.672
4958.789	11796.891	-891.113
2295.049	5277.884	-893.555
-7143.105	-4474.496	-895.996
2086.216	-268.049	-898.438
-9347.679	4765.188	-900.879
-4348.023	-2537.737	-903.320
-5202.195	189.151	-905.762
-1355.872	6638.933	-908.203
2880.581	-4332.016	-910.645
-5396.384	3533.283	-913.086
-5873.334	-1374.105	-915.527
635.842	171.105	-917.969
-496.118	4572.291	-920.410
4992.272	1565.299	-922.852
-13040.587	4608.753	-925.293
-5237.312	-2611.616	-927.734
-4175.011	-4323.528	-930.176
-288.903	6162.294	-932.617
606.522	3212.722	-935.059
3389.087	2966.718	-937.500
-2105.252	4942.273	-939.941
426.203	-2187.626	-942.383
-3711.417	-1373.650	-944.824
-4067.546	-4261.915	-947.266
-464.048	-1788.191	-949.707
6719.226	-8176.052	-952.148
5566.045	10500.724	-954.590
4208.439	1993.269	-957.031
-1674.600	-4178.196	-959.473
-1634.922	-1762.935	-961.914
-1358.463	-49.450	-964.355
2812.297	-3336.199	-966.797
1942.485	-3091.009	-969.238
-7303.834	-832.203	-971.680
1662.584	207.090	-974.121
1375.711	8390.764	-976.563
1534.061	-698.689	-979.004
-12576.765	-1182.071	-981.445
-8884.500	-4576.756	-983.887
481.927	-2937.848	-986.328
-842.457	-7402.825	-988.770
-3224.737	7184.756	-991.211
-3372.291	-799.361	-993.652
1919.556	-6509.214	-996.094
-4298.206	-7299.583	-998.535
9185.049	-429.811	-1000.977
3729.875	6599.842	-1003.418
-6312.688	-611.714	-1005.859
-2216.121	3354.479	-1008.301
-2172.964	8099.757	-1010.742
-11793.515	-3489.648	-1013.184
3169.864	-5140.981	-1015.625
6152.228	541.203	-1018.066
1260.122	-517.684	-1020.508
265.287	-11916.117	-1022.949
-11619.417	1142.395	-1025.391
4063.715	-2637.308	-1027.832
-5503.441	-8347.277	-1030.273
-1671.400	9075.773	-1032.715
-4523.898	4525.182	-1035.156
-8430.279	3724.128	-1037.598
-8395.236	10713.631	-1040.039
10876.601	-1692.170	-1042.480
6640.039	3977.967	-1044.922
1816.492	4478.208	-1047.363
-430.276	3045.509	-1049.805
-7245.741	2658.475	-1052.246
1280.398	2374.156	-1054.688
64.785	5973.642	-1057.129
-3981.750	3880.265	-1059.570
121.263	-5347.653	-1062.012
-49.008	2537.477	-1064.453
2745.184	11876.523	-1066.895
1850.628	12210.171	-1069.336
-5778.098	-6805.732	-1071.777
-2141.905	-6388.768	-1074.219
-11104.389	1961.244	-1076.660
6090.378	-4400.196	-1079.102
4583.866	6089.082	-1081.543
6631.040	6494.064	-1083.984
650.359	-16191.011	-1086.426
-520.739	-3660.666	-1088.867
-1544.961	2850.286	-1091.309
11904.804	-10837.473	-1093.750
204.370	-687.996	-1096.191
-9310.215	-2220.959	-1098.633
-5658.716	-4629.813	-1101.074
-2852.782	55.867	-1103.516
1681.129	-10357.520	-1105.957
-6209.470	-12154.589	-1108.398
6343.920	84.309	-1110.840
-1268.289	7607.203	-1113.281
5587.923	3907.054	-1115.723
1486.338	2579.417	-1118.164
9277.648	-2842.042	-1120.605
6927.590	3622.652	-1123.047
-1731.639	3339.276	-1125.488
9331.711	-7788.780	-1127.930
3239.679	7126.030	-1130.371
-546.248	10452.923	-1132.813
519.943	243.361	-1135.254
-4972.503	2770.592	-1137.695
-1168.617	5857.904	-1140.137
-7337.626	-249.528	-1142.578
-7481.057	-446.244	-1145.020
-1184.572	-9041.341	-1147.461
-1778.021	-453.003	-1149.902
7398.186	-3828.096	-1152.344
-1378.393	1924.694	-1154.785
-4377.155	-846.440	-1157.227
-6188.249	1037.384	-1159.668
2940.127	-4962.549	-1162.109
-1735.157	-2777.917	-1164.551
6319.639	-1447.900	-1166.992
-1540.362	-2377.723	-1169.434
2158.322	1190.521	-1171.875
4660.997	4884.295	-1174.316
35.286	-9395.016	-1176.758
3219.097	2059.526	-1179.199
2180.316	-5472.900	-1181.641
-4314.724	5169.789	-1184.082
4285.748	5578.929	-1186.523
6347.400	2288.552	-1188.965
393.934	3846.857	-1191.406
-3126.542	-4107.846	-1193.848
2204.091	2529.534	-1196.289
-1231.374	-6052.409	-1198.730
5934.326	7770.825	-1201.172
715.838	-2183.485	-1203.613
-5257.397	-507.273	-1206.055
1377.606	3809.695	-1208.496
-8422.310	-3091.927	-1210.938
-174.730	2770.720	-1213.379
2101.120	6478.919	-1215.820
4627.061	-8266.860	-1218.262
-6303.177	1422.525	-1220.703
2022.398	7044.636	-1223.145
2023.222	-3000.362	-1225.586
1337.179	4363.680	-1228.027
-6931.248	2076.629	-1230.469
-4642.327	4341.607	-1232.910
4221.106	511.717	-1235.352
4157.488	-4183.893	-1237.793
2588.101	792.602	-1240.234
-2249.037	1271.291	-1242.676
3698.604	-1201.527	-1245.117
-1186.612	5380.439	-1247.559
