Data Point Listing of File C:\Documents and Settings\NMR\Desktop\FPraktikum\2021\16122021\centerfrquency-1.tnt
Starting Point:	1	Ending Point:	1024
Real	Imag	kHz
27.156	938.750	1250.000
-9041.750	407.625	1247.559
-3690.625	1281.813	1245.117
-10668.500	-3127.875	1242.676
-378.125	-1843.031	1240.234
-7798.750	-774.535	1237.793
1521.375	-7102.188	1235.352
-2344.625	699.875	1232.910
-9085.063	-2651.063	1230.469
6826.281	-1305.406	1228.027
1745.375	7192.531	1225.586
-4265.688	-4092.875	1223.145
-304.844	2537.281	1220.703
-5253.820	79.000	1218.262
5849.354	2521.281	1215.820
-5595.361	3184.313	1213.379
-4583.430	-4958.797	1210.938
-5608.875	-3671.031	1208.496
-6170.813	-5280.375	1206.055
1154.172	-8255.000	1203.613
-2599.289	-5409.625	1201.172
2830.332	-4739.238	1198.730
1248.484	4775.984	1196.289
-2282.072	-7188.010	1193.848
-6996.648	-2271.527	1191.406
-1071.863	8066.827	1188.965
-7810.369	845.065	1186.523
1578.566	3342.043	1184.082
1543.010	-4606.851	1181.641
1002.215	-4262.565	1179.199
-3889.344	11511.346	1176.758
-1995.777	-397.217	1174.316
-7427.020	-1820.369	1171.875
654.344	-1485.896	1169.434
876.863	6913.715	1166.992
-57.016	-4039.965	1164.551
-3794.641	5928.486	1162.109
4137.891	3079.465	1159.668
1929.828	5034.684	1157.227
3100.137	-5587.273	1154.785
-3285.082	-1226.281	1152.344
-5739.049	-7297.572	1149.902
-6808.242	-3624.346	1147.461
2200.139	-9316.209	1145.020
-13340.549	-6870.244	1142.578
-9681.553	-2807.447	1140.137
-4170.211	5049.428	1137.695
-2027.823	-269.053	1135.254
-4427.957	-6379.512	1132.813
-3637.999	18.381	1130.371
-7747.656	-8420.174	1127.930
3275.345	1536.365	1125.488
-2221.705	-1429.910	1123.047
4842.892	-3969.783	1120.605
5392.715	1849.145	1118.164
1759.537	7090.276	1115.723
-3047.408	2202.406	1113.281
4780.046	-8649.280	1110.840
450.973	-1900.649	1108.398
1387.748	-5883.482	1105.957
1046.805	2614.880	1103.516
-1029.945	-10457.566	1101.074
-1168.348	-931.209	1098.633
1478.896	-6509.101	1096.191
-2775.731	-5701.404	1093.750
-12665.361	4861.121	1091.309
-3433.633	9195.493	1088.867
-5773.500	6139.171	1086.426
-2324.244	1868.561	1083.984
41.711	-1805.387	1081.543
660.476	2688.956	1079.102
7273.448	104.171	1076.660
-7682.480	6654.171	1074.219
-1968.578	1390.127	1071.777
-9092.008	3310.326	1069.336
7781.811	3725.423	1066.895
-1446.750	3323.050	1064.453
-5275.629	-2513.908	1062.012
-1012.401	-1001.990	1059.570
-3352.135	8999.252	1057.129
2060.858	11778.109	1054.688
-7045.750	1557.348	1052.246
-1802.336	-6688.808	1049.805
-9979.930	-1895.864	1047.363
-3834.176	-2991.725	1044.922
-2855.931	6060.031	1042.480
-575.422	-1914.902	1040.039
1407.428	-1029.437	1037.598
4525.961	5832.370	1035.156
-6829.161	-12698.224	1032.715
248.654	-1315.078	1030.273
961.295	-2667.992	1027.832
2755.103	-8249.713	1025.391
-5816.580	6093.859	1022.949
-2397.834	-1884.625	1020.508
-9467.316	3201.001	1018.066
-11091.168	-8275.379	1015.625
-2370.066	4.817	1013.184
6842.024	-3845.135	1010.742
-2242.387	7003.025	1008.301
-2019.953	5745.917	1005.859
-8764.252	474.736	1003.418
-11516.111	2956.586	1000.977
-4806.716	5946.039	998.535
4208.158	-1928.597	996.094
-3288.806	5001.716	993.652
-7967.887	8231.843	991.211
4537.130	24.838	988.770
-913.646	-931.086	986.328
-4946.219	-6516.208	983.887
-3647.443	14779.570	981.445
-1866.073	1557.562	979.004
-9213.410	108.010	976.563
-5810.804	-3791.459	974.121
-5993.405	2150.911	971.680
-2817.779	2555.815	969.238
-8594.594	-2387.544	966.797
-7105.088	1984.361	964.355
-8625.676	696.261	961.914
3924.389	-849.514	959.473
-1311.032	2882.849	957.031
-4687.172	1353.873	954.590
-6210.030	1985.116	952.148
-4016.406	-3395.220	949.707
5832.626	8434.836	947.266
-1882.776	-3902.150	944.824
-6360.933	1372.065	942.383
-9078.404	629.911	939.941
-626.632	4307.830	937.500
-1210.582	-6380.125	935.059
3729.870	-3662.519	932.617
-7799.429	3222.080	930.176
-979.104	-6332.460	927.734
-2990.400	-1679.329	925.293
-4463.933	-2213.445	922.852
-2197.631	777.598	920.410
-5534.224	2955.778	917.969
2073.393	-1240.477	915.527
-9628.948	6089.426	913.086
-381.288	1503.581	910.645
-2980.967	-6596.874	908.203
-5177.630	12082.999	905.762
496.730	-5988.771	903.320
842.188	5432.531	900.879
-3963.800	-114.298	898.438
-6648.025	-2030.408	895.996
-8012.295	4716.233	893.555
-1727.951	5762.867	891.113
-12578.482	-9113.402	888.672
-3515.666	1466.026	886.230
-5458.637	2671.757	883.789
-2138.172	10705.459	881.348
-917.873	-293.824	878.906
2562.591	-1566.799	876.465
3769.183	306.575	874.023
6039.040	288.135	871.582
9559.907	-138.617	869.141
-5408.326	-7013.749	866.699
-6471.121	-3026.873	864.258
-2626.212	10294.301	861.816
-332.065	-9489.156	859.375
-6523.042	2999.910	856.934
-2485.646	4281.646	854.492
1975.032	345.676	852.051
-2685.688	-3629.103	849.609
-8600.858	745.861	847.168
-4064.534	324.529	844.727
564.426	-5643.206	842.285
475.701	7729.712	839.844
-8140.498	2914.426	837.402
-5868.715	1362.059	834.961
-3729.714	6980.964	832.520
-241.273	4723.750	830.078
-2644.757	1630.437	827.637
-871.393	7044.127	825.195
-9404.109	4871.854	822.754
-3556.419	3420.070	820.313
-11950.606	578.383	817.871
-2784.997	-202.020	815.430
-4200.937	2700.881	812.988
491.793	6757.970	810.547
-3875.046	2933.425	808.105
-10959.106	773.143	805.664
-3717.261	-4298.908	803.223
-8114.191	2762.920	800.781
-14572.758	-1291.181	798.340
850.172	-10248.920	795.898
-10784.939	5033.560	793.457
-13704.277	7869.709	791.016
734.550	4018.808	788.574
-571.176	8476.736	786.133
-14963.488	1099.670	783.691
-8036.217	6874.854	781.250
-2594.932	11057.508	778.809
-540.239	4816.271	776.367
-6526.099	2047.673	773.926
-2116.649	10503.719	771.484
2563.155	17.470	769.043
-2790.230	15851.840	766.602
-10260.138	5852.670	764.160
-13526.865	837.906	761.719
-7994.833	1100.051	759.277
-490.310	6501.781	756.836
-7267.054	2020.382	754.395
-1982.769	6904.457	751.953
-3352.861	-3087.335	749.512
472.769	14109.705	747.070
-6090.207	-2733.023	744.629
1680.630	-2315.452	742.188
-7765.827	2541.827	739.746
-2601.176	8161.016	737.305
-7111.624	2250.076	734.863
-6886.905	-6834.644	732.422
-12269.953	1535.545	729.980
-1886.160	2367.405	727.539
-9928.916	7.301	725.098
-7005.882	9072.809	722.656
-13931.023	-3238.043	720.215
-7448.159	2627.309	717.773
-10838.479	-321.320	715.332
-10591.482	-8921.525	712.891
-10499.364	-3453.625	710.449
-72.351	-5385.942	708.008
-11186.072	9470.216	705.566
-5096.753	-6416.180	703.125
-8586.827	-5283.665	700.684
-5328.177	9528.814	698.242
-19205.543	3159.016	695.801
-5859.889	2184.027	693.359
-4445.294	-4713.047	690.918
-16734.574	11990.167	688.477
-13018.045	195.741	686.035
10458.720	-3938.412	683.594
5056.663	835.987	681.152
-9827.770	-4313.796	678.711
-9388.618	8518.043	676.270
-7012.681	6523.845	673.828
-9349.680	7897.250	671.387
-9662.916	2709.414	668.945
-6747.137	17722.867	666.504
-3961.687	445.844	664.063
-8094.785	10373.180	661.621
-8359.619	11944.856	659.180
-1349.900	3858.120	656.738
-6485.144	6619.897	654.297
-11333.836	1879.307	651.855
-6318.748	7160.728	649.414
-8382.917	22852.404	646.973
-6292.801	-4918.681	644.531
-10027.928	18526.363	642.090
-4391.151	7703.217	639.648
-15740.216	-3315.256	637.207
-4353.901	2556.082	634.766
-16415.199	5874.149	632.324
-12207.592	6895.271	629.883
-5697.276	6061.315	627.441
2345.094	-6528.578	625.000
-11357.140	5503.074	622.559
-7770.298	5989.145	620.117
-4325.461	6613.522	617.676
-304.063	4.420	615.234
-15772.024	-6849.371	612.793
-9895.685	-3232.102	610.352
-5374.657	9974.640	607.910
-19216.207	6655.417	605.469
-21220.566	-3061.252	603.027
-8366.613	-2591.184	600.586
-747.165	9166.597	598.145
-8657.336	8661.469	595.703
-7224.229	1242.239	593.262
-5893.930	3267.667	590.820
-13361.056	-1897.626	588.379
-7916.267	-1032.145	585.938
-6864.002	11258.881	583.496
-9778.875	4022.864	581.055
-101.074	1697.743	578.613
-8464.262	4555.522	576.172
-11406.262	9316.900	573.730
-20494.375	5779.458	571.289
3316.837	9105.531	568.848
-10293.951	14683.606	566.406
4130.899	5681.239	563.965
-23945.920	4601.823	561.523
-7861.084	575.229	559.082
-25511.145	5999.113	556.641
-3729.404	-3274.059	554.199
-10134.471	6908.958	551.758
-13221.637	15144.157	549.316
-19255.355	3422.002	546.875
-1037.687	-4418.983	544.434
-8154.938	-3326.753	541.992
-5652.750	9909.071	539.551
-2747.334	1342.600	537.109
-7700.705	4688.060	534.668
-3398.235	1510.245	532.227
-4115.205	3031.085	529.785
-23258.668	4524.509	527.344
-17425.455	2198.469	524.902
-5886.618	7099.331	522.461
-6429.823	-1881.825	520.020
-6472.400	10524.417	517.578
-7032.237	17941.699	515.137
-12744.799	-269.500	512.695
-19995.391	10931.148	510.254
-13561.286	9643.271	507.813
-6034.167	2074.476	505.371
-12693.604	14861.313	502.930
-10493.789	8009.446	500.488
-13786.472	6692.757	498.047
-10438.564	-527.956	495.605
-9814.205	5892.754	493.164
-27052.604	3014.001	490.723
-10864.096	-1451.934	488.281
-18970.836	3480.148	485.840
-22893.016	9452.498	483.398
-9105.395	4026.932	480.957
-4872.977	4074.156	478.516
-2931.453	-2966.945	476.074
-9741.275	-5681.579	473.633
-15856.516	7949.568	471.191
-14499.564	-3266.205	468.750
-13318.748	127.006	466.309
-22390.979	16889.268	463.867
-19011.178	4243.162	461.426
-6311.926	2268.053	458.984
-5266.927	1117.105	456.543
-14959.541	5544.020	454.102
-12031.676	-4937.205	451.660
-20073.211	2225.572	449.219
-5496.812	1287.493	446.777
-10875.341	3968.385	444.336
-8719.832	2827.219	441.895
-18108.480	6526.125	439.453
-3937.258	10854.041	437.012
-11788.367	11220.188	434.570
-2883.588	5397.402	432.129
-16403.766	22905.828	429.688
-3936.839	10024.113	427.246
-3178.367	12939.232	424.805
-4752.814	6637.328	422.363
-19538.461	8645.994	419.922
-15962.644	3899.104	417.480
-17597.107	7228.198	415.039
-9860.698	-433.888	412.598
-11249.287	6848.984	410.156
-15654.633	7617.289	407.715
-23038.619	4703.400	405.273
-2940.550	10322.701	402.832
-14373.702	12049.691	400.391
-19842.953	4692.020	397.949
-11356.721	17975.473	395.508
-12858.582	11781.217	393.066
-12910.675	13556.771	390.625
-18869.402	12117.869	388.184
-21550.875	8307.720	385.742
-12238.299	7443.994	383.301
-14518.407	11900.158	380.859
-14716.131	18541.824	378.418
-27267.064	-1763.798	375.977
-29246.461	10094.986	373.535
-17349.410	1623.500	371.094
-14275.908	350.699	368.652
-8611.518	14487.114	366.211
-15753.234	2884.508	363.770
-11452.942	18273.189	361.328
-10887.585	8522.029	358.887
-24095.170	10222.947	356.445
-15517.993	1892.294	354.004
-5436.864	11374.707	351.563
2233.330	5889.482	349.121
-21644.820	6668.999	346.680
-13796.185	9976.945	344.238
-17410.143	-5607.308	341.797
-21427.836	9938.480	339.355
-18301.975	12431.856	336.914
-13001.859	10132.131	334.473
-17058.730	8171.917	332.031
-9082.762	20617.676	329.590
-24633.014	17922.258	327.148
-18949.563	12075.639	324.707
-18059.926	765.782	322.266
-20013.389	12118.311	319.824
-17729.303	9930.139	317.383
-21867.170	6842.891	314.941
-18910.592	12086.629	312.500
-15133.428	3045.622	310.059
-10100.328	12875.565	307.617
-14682.881	3392.908	305.176
-31352.957	5181.093	302.734
-15063.040	7615.156	300.293
-9530.981	5486.718	297.852
-18109.980	-3086.858	295.410
-19144.633	4339.338	292.969
-24196.432	13618.604	290.527
-14696.352	16335.455	288.086
-17105.680	23858.938	285.645
-14038.859	-788.119	283.203
-18922.385	2985.298	280.762
-8368.047	11604.938	278.320
-19005.340	242.449	275.879
-22669.199	3013.382	273.438
-23572.613	8404.182	270.996
-22117.688	-9663.257	268.555
-15663.438	-3141.030	266.113
-30920.563	5688.355	263.672
-26661.170	-7134.884	261.230
-24904.371	11400.000	258.789
-22759.775	3542.927	256.348
-22100.000	-4515.949	253.906
-25377.605	13329.605	251.465
-21037.434	-2752.899	249.023
-22081.539	10727.969	246.582
-21697.311	14885.313	244.141
-28106.301	16177.273	241.699
-25288.658	485.395	239.258
-26967.531	12181.316	236.816
-31285.811	17707.141	234.375
-17087.318	6303.787	231.934
-25853.141	14100.348	229.492
-27922.223	7371.903	227.051
-28061.617	19799.252	224.609
-38347.898	14418.094	222.168
-32369.514	15098.823	219.727
-28576.344	11687.822	217.285
-30135.230	15995.188	214.844
-35336.695	4827.168	212.402
-29242.867	26004.625	209.961
-27432.520	20614.746	207.520
-29934.691	25807.816	205.078
-30127.908	11207.723	202.637
-29892.363	11290.268	200.195
-45914.250	11456.396	197.754
-18481.789	14743.063	195.313
-27185.609	16125.271	192.871
-29050.975	15860.926	190.430
-28422.441	20193.207	187.988
-26197.852	20923.320	185.547
-34327.109	15786.273	183.105
-40454.230	14382.154	180.664
-34053.258	27798.711	178.223
-34553.023	28903.656	175.781
-31123.736	17663.641	173.340
-34859.086	20786.301	170.898
-45911.258	13605.752	168.457
-24065.117	18196.172	166.016
-38070.711	29630.510	163.574
-35969.078	6140.495	161.133
-24752.961	20056.178	158.691
-25847.875	16142.821	156.250
-26786.246	11530.979	153.809
-36546.695	22038.625	151.367
-36467.414	21896.748	148.926
-32597.088	9698.388	146.484
-31050.426	9497.535	144.043
-36238.414	38853.762	141.602
-31061.799	17927.836	139.160
-24207.828	13840.953	136.719
-34466.992	17498.314	134.277
-53776.664	14058.309	131.836
-38041.781	23892.996	129.395
-53954.633	291.831	126.953
-55385.258	17079.566	124.512
-45032.250	10011.305	122.070
-55934.395	12202.182	119.629
-57598.125	16341.697	117.188
-49922.492	4477.288	114.746
-47399.207	13751.403	112.305
-68236.359	9298.371	109.863
-76244.758	6505.251	107.422
-75211.375	14726.615	104.980
-69237.813	23630.791	102.539
-68028.141	31383.160	100.098
-65364.406	32457.152	97.656
-68632.602	42336.047	95.215
-76729.727	32165.324	92.773
-89365.500	33942.602	90.332
-88684.344	46037.453	87.891
-85848.297	27838.713	85.449
-80351.531	48630.648	83.008
-80495.852	60624.398	80.566
-84737.719	65311.953	78.125
-84989.688	40652.883	75.684
-66179.813	60159.188	73.242
-56382.863	68038.320	70.801
-38816.410	52849.055	68.359
-49678.945	47739.430	65.918
-51364.266	32400.639	63.477
-32579.695	22380.559	61.035
-25017.445	-4463.003	58.594
-35912.996	-23597.609	56.152
-51386.250	-55723.180	53.711
-67581.102	-75055.273	51.270
-87306.453	-113716.070	48.828
-123383.047	-135916.188	46.387
-166770.375	-173365.250	43.945
-245702.844	-172284.406	41.504
-303043.375	-200637.406	39.063
-392391.531	-210307.969	36.621
-487460.688	-189172.156	34.180
-587951.750	-159113.969	31.738
-700394.250	-98013.563	29.297
-824869.250	-4119.588	26.855
-933070.625	110679.852	24.414
-1032493.875	273653.031	21.973
-1113980.625	465750.250	19.531
-1151964.375	715451.375	17.090
-1158916.750	1006873.125	14.648
-1086825.250	1308158.250	12.207
-928716.313	1644369.750	9.766
-658866.625	1983713.000	7.324
-257419.359	2268959.500	4.883
311961.125	2469939.500	2.441
976607.000	2504679.000	0.000
1633376.375	2149353.500	-2.441
2116992.500	1607548.500	-4.883
2310013.250	952672.438	-7.324
2292052.000	371227.656	-9.766
2141013.250	-99462.625	-12.207
1879043.125	-460531.844	-14.648
1581164.375	-741922.625	-17.090
1283641.750	-903382.875	-19.531
992819.375	-989078.500	-21.973
721047.500	-1021225.875	-24.414
484816.281	-988377.375	-26.855
282817.156	-909110.125	-29.297
138507.656	-801752.875	-31.738
34371.859	-706718.875	-34.180
-70044.984	-596556.938	-36.621
-122300.172	-493495.938	-39.063
-140926.281	-395504.656	-41.504
-151639.906	-310414.250	-43.945
-157086.297	-216362.266	-46.387
-134223.031	-161956.813	-48.828
-106109.156	-116162.094	-51.270
-53448.711	-76523.672	-53.711
-38445.875	-54721.102	-56.152
-17970.770	-25953.365	-58.594
11519.805	-16445.652	-61.035
13367.732	-30628.051	-63.477
37983.254	-14009.063	-65.918
58894.719	-22822.961	-68.359
55877.816	-20901.941	-70.801
58732.480	-44965.078	-73.242
70625.359	-43529.406	-75.684
74311.188	-49020.820	-78.125
77223.188	-42895.047	-80.566
75165.141	-46226.043	-83.008
72143.344	-45753.875	-85.449
81367.672	-42590.125	-87.891
71718.125	-62580.434	-90.332
63784.102	-62024.840	-92.773
64051.855	-64218.555	-95.215
57597.840	-79481.148	-97.656
64187.258	-61279.633	-100.098
53656.266	-51418.125	-102.539
57443.703	-56627.273	-104.980
39778.656	-62217.805	-107.422
45476.133	-38259.852	-109.863
38543.594	-52488.164	-112.305
27445.742	-56264.039	-114.746
37301.152	-50930.574	-117.188
33181.031	-51322.289	-119.629
39222.453	-50887.734	-122.070
34599.203	-54568.625	-124.512
24613.637	-44886.652	-126.953
31583.602	-43469.844	-129.395
34682.777	-46444.113	-131.836
26262.676	-35389.055	-134.277
35213.820	-31712.754	-136.719
33618.637	-30670.703	-139.160
23990.654	-25384.051	-141.602
32345.568	-27995.428	-144.043
18101.195	-16422.594	-146.484
29864.332	-24319.438	-148.926
28428.879	-31960.760	-151.367
38060.625	-22184.785	-153.809
32574.336	-29434.779	-156.250
20389.150	-30645.598	-158.691
24233.410	-30178.883	-161.133
41100.789	-22067.996	-163.574
36944.086	-29800.115	-166.016
27332.563	-15573.410	-168.457
31389.348	-23631.691	-170.898
25604.414	-30113.254	-173.340
27799.313	-24890.254	-175.781
25001.867	-28772.230	-178.223
35193.793	-13286.551	-180.664
29013.955	-19021.848	-183.105
27178.641	-24109.039	-185.547
25457.498	-23124.348	-187.988
27301.668	-30063.240	-190.430
30646.510	-13100.246	-192.871
25446.273	-23485.258	-195.313
20836.828	-17735.990	-197.754
21004.805	-25780.387	-200.195
20429.547	-14969.073	-202.637
18012.086	-20604.166	-205.078
12774.646	-19893.180	-207.520
27784.047	-18230.328	-209.961
16430.891	-17725.227	-212.402
18293.840	-21266.609	-214.844
24161.754	-17649.990	-217.285
25237.947	-16602.182	-219.727
21212.908	-34717.129	-222.168
19167.988	-21585.381	-224.609
13918.320	-20460.754	-227.051
17013.834	-13001.404	-229.492
17771.520	-23195.160	-231.934
21443.895	-23791.375	-234.375
23565.791	-13837.461	-236.816
5387.963	-20910.838	-239.258
20578.131	-21420.035	-241.699
12728.197	-20341.291	-244.141
15792.523	-25927.525	-246.582
22954.600	-9715.623	-249.023
5833.496	-17200.385	-251.465
20433.838	-6584.671	-253.906
28898.637	-16018.200	-256.348
17624.465	-27956.730	-258.789
2790.985	-10418.861	-261.230
18077.135	-10351.359	-263.672
18154.160	-9317.821	-266.113
26821.025	-10686.943	-268.555
13320.249	-19496.660	-270.996
14292.262	-15823.032	-273.438
14877.058	-22968.705	-275.879
8502.203	-15978.136	-278.320
30236.307	-8869.469	-280.762
20276.992	-10550.582	-283.203
6436.934	-16388.344	-285.645
24929.273	-20701.297	-288.086
4885.733	-12918.435	-290.527
22021.355	-24392.645	-292.969
22900.945	-3682.545	-295.410
21105.422	-17431.980	-297.852
4271.857	-13975.205	-300.293
15431.980	-15774.990	-302.734
17311.352	-12177.187	-305.176
16806.652	-1738.139	-307.617
15944.139	-22185.137	-310.059
11297.929	-20686.893	-312.500
20768.254	-27115.543	-314.941
14289.280	-11217.045	-317.383
11817.087	-20944.277	-319.824
19039.625	-17593.270	-322.266
4375.396	-5483.168	-324.707
9920.467	-17328.119	-327.148
19104.029	-12641.644	-329.590
18959.422	-9381.400	-332.031
3555.725	-28661.545	-334.473
6585.914	-7589.867	-336.914
27640.742	-16900.023	-339.355
6736.428	-14374.265	-341.797
18003.840	-18783.371	-344.238
14203.652	-1770.221	-346.680
7070.596	-4489.649	-349.121
-3821.642	-13706.287	-351.563
9479.966	-10989.853	-354.004
8694.711	-4218.216	-356.445
24068.172	-8491.812	-358.887
15186.473	-8341.473	-361.328
17651.408	-17937.469	-363.770
3881.445	-18481.109	-366.211
11357.557	-4363.787	-368.652
13910.194	1175.540	-371.094
16962.049	-5887.075	-373.535
3625.098	-15199.979	-375.977
21943.625	-8102.836	-378.418
12384.585	-14972.703	-380.859
7800.152	-4615.013	-383.301
9790.000	-1944.150	-385.742
5762.120	-4086.503	-388.184
13984.828	-7316.402	-390.625
9057.859	2408.140	-393.066
12593.107	737.158	-395.508
13748.148	-3918.502	-397.949
6989.049	-13025.284	-400.391
13539.731	-15064.121	-402.832
26016.773	-3165.539	-405.273
4029.666	2635.785	-407.715
14020.916	-14198.868	-410.156
11956.621	-13495.842	-412.598
9831.617	-20652.945	-415.039
-7140.967	-14719.380	-417.480
1238.731	-20011.248	-419.922
12175.605	-11083.372	-422.363
5109.539	-7668.964	-424.805
11168.135	-7195.114	-427.246
24527.191	-16737.037	-429.688
-2560.577	-15186.008	-432.129
11603.885	-18438.324	-434.570
8000.834	-5083.339	-437.012
729.406	-9193.096	-439.453
3578.075	-13301.191	-441.895
14628.101	-1492.760	-444.336
10097.081	690.241	-446.777
9433.828	-21126.213	-449.219
6192.460	-14038.082	-451.660
10572.049	-447.708	-454.102
-2279.935	-10110.904	-456.543
11747.127	-10911.305	-458.984
7432.845	-7688.287	-461.426
15238.654	-4139.774	-463.867
3948.973	-16867.492	-466.309
8433.693	-940.588	-468.750
12160.971	-8841.605	-471.191
9249.013	-12651.620	-473.633
10819.449	-8286.500	-476.074
8788.777	-11576.240	-478.516
5150.783	-19891.480	-480.957
6039.769	244.811	-483.398
3923.279	-5516.106	-485.840
8702.031	-4424.324	-488.281
13336.257	-6700.118	-490.723
10428.547	-1931.561	-493.164
13135.559	-2871.996	-495.605
11140.625	-3792.368	-498.047
9747.191	-9947.883	-500.488
18557.508	-10003.998	-502.930
6444.051	-2247.243	-505.371
6258.839	2411.452	-507.813
10500.530	-14278.140	-510.254
-1406.004	-21507.162	-512.695
15649.729	-13140.418	-515.137
13385.956	-9091.916	-517.578
2493.407	-6454.018	-520.020
5040.984	-2259.319	-522.461
3535.764	-16181.092	-524.902
2209.870	-14588.494	-527.344
5681.299	-7107.867	-529.785
9508.800	-12113.246	-532.227
13865.654	-5290.036	-534.668
-516.943	39.958	-537.109
12808.044	4090.400	-539.551
-301.048	-2545.796	-541.992
3041.896	-8435.778	-544.434
10777.929	-10185.695	-546.875
13376.085	-1015.128	-549.316
12315.813	-13746.648	-551.758
12228.972	-19949.305	-554.199
11184.375	-8721.510	-556.641
794.274	3037.102	-559.082
12446.812	-4802.610	-561.523
280.311	-13938.066	-563.965
7902.761	-6301.276	-566.406
5459.279	-6011.853	-568.848
16982.465	1964.927	-571.289
8679.845	-1400.234	-573.730
12753.556	-5159.771	-576.172
5867.406	-20386.602	-578.613
5127.135	-17847.688	-581.055
9690.934	-16919.086	-583.496
5720.406	-11569.219	-585.938
150.769	1362.507	-588.379
9126.088	1321.112	-590.820
13716.744	-5698.847	-593.262
5842.113	-11413.960	-595.703
11734.055	-6502.020	-598.145
-3618.970	-7101.528	-600.586
9166.604	-19461.639	-603.027
13591.988	-11336.022	-605.469
292.803	-11164.364	-607.910
10787.650	-15351.467	-610.352
11349.403	759.881	-612.793
-3572.755	-4568.582	-615.234
8943.388	-2087.212	-617.676
10489.061	2692.978	-620.117
2461.417	-2419.815	-622.559
4200.344	-14023.172	-625.000
-10187.735	-3052.074	-627.441
7881.548	1439.417	-629.883
270.711	-801.210	-632.324
9894.688	-18684.498	-634.766
10548.399	-10944.297	-637.207
11166.872	-4261.867	-639.648
5585.782	-5409.671	-642.090
212.331	-12249.417	-644.531
-1759.277	-7497.842	-646.973
-1215.668	-8073.815	-649.414
9144.509	-7412.065	-651.855
13188.570	-8393.781	-654.297
-824.592	-5155.739	-656.738
15717.297	-7465.042	-659.180
9637.606	2868.032	-661.621
6927.337	467.614	-664.063
655.104	-1657.037	-666.504
-1296.290	-3842.411	-668.945
10732.301	-7395.540	-671.387
-149.645	-3619.561	-673.828
7882.422	-3853.139	-676.270
12478.993	-2094.977	-678.711
7459.194	-8164.816	-681.152
10235.449	-7941.901	-683.594
12550.830	-1976.929	-686.035
6512.416	-3325.598	-688.477
-1523.695	-3326.236	-690.918
8790.617	-1896.775	-693.359
5085.943	10311.693	-695.801
4278.193	-2087.862	-698.242
-1414.361	-873.461	-700.684
-899.784	-5868.000	-703.125
11536.269	-12823.304	-705.566
14701.754	-6246.567	-708.008
4974.929	-4236.161	-710.449
-4389.889	1816.709	-712.891
-5317.900	-5976.060	-715.332
-2782.562	-1568.634	-717.773
2758.502	-313.191	-720.215
8714.518	-1466.376	-722.656
7344.404	33.695	-725.098
3532.524	-4521.467	-727.539
7684.540	-8835.944	-729.980
9453.749	-1090.405	-732.422
16807.818	-7005.078	-734.863
6261.438	-8074.682	-737.305
2678.747	-9364.646	-739.746
11386.519	-10194.506	-742.188
1057.880	-8959.917	-744.629
3569.561	-12244.216	-747.070
4933.996	2597.110	-749.512
3137.813	-9800.431	-751.953
-3299.660	-3119.625	-754.395
-257.844	-10173.699	-756.836
2505.203	-12668.207	-759.277
13399.807	-6780.049	-761.719
577.437	-12592.309	-764.160
3014.729	-1873.599	-766.602
4878.977	-9501.030	-769.043
11119.758	-14024.914	-771.484
11570.102	1496.757	-773.926
9769.867	-6462.487	-776.367
7321.473	-1037.095	-778.809
-5639.602	-11129.706	-781.250
4662.854	-12770.395	-783.691
-4713.076	-12808.678	-786.133
7647.156	-7918.843	-788.574
-4955.808	-10435.166	-791.016
5899.237	-2892.139	-793.457
13532.240	478.367	-795.898
3944.649	-4014.385	-798.340
834.144	-2778.784	-800.781
8086.813	-10469.568	-803.223
4641.078	5781.810	-805.664
-5036.853	-2435.976	-808.105
-4000.051	4047.876	-810.547
8524.986	-532.731	-812.988
10063.900	3486.221	-815.430
-3261.829	-15687.541	-817.871
10535.799	-1106.398	-820.313
-1828.338	131.427	-822.754
-242.554	-432.854	-825.195
3268.492	-5044.565	-827.637
2641.673	-6968.251	-830.078
-5520.267	438.947	-832.520
-671.225	-4872.583	-834.961
9532.151	-5266.096	-837.402
8039.242	-6950.104	-839.844
-5212.339	-10458.197	-842.285
12946.229	-4154.422	-844.727
-5837.735	3375.988	-847.168
1725.343	2459.505	-849.609
-110.872	-8930.295	-852.051
10513.385	-7830.091	-854.492
-2883.816	-3602.654	-856.934
8259.874	-2261.471	-859.375
-582.616	-1770.540	-861.816
7880.733	-10871.364	-864.258
-696.937	-4402.152	-866.699
10226.175	-9425.346	-869.141
10094.686	-4528.978	-871.582
10295.166	-11536.269	-874.023
-1560.688	-3602.503	-876.465
-6942.808	-3524.885	-878.906
-661.631	1469.522	-881.348
2692.326	-11854.245	-883.789
2582.132	-3906.211	-886.230
5896.345	-3687.693	-888.672
12711.726	-3911.711	-891.113
-8960.865	-4300.302	-893.555
2551.208	-2924.963	-895.996
5530.732	299.542	-898.438
-2611.224	-13174.592	-900.879
2597.163	1524.929	-903.320
1613.095	1650.786	-905.762
11832.090	-2476.285	-908.203
-1836.415	-4297.291	-910.645
2374.877	799.146	-913.086
-842.138	-1701.088	-915.527
-5859.344	-2865.887	-917.969
6115.425	1147.966	-920.410
-5816.502	576.139	-922.852
8800.736	-10330.213	-925.293
-962.557	-2028.878	-927.734
-25.436	634.777	-930.176
-2728.863	-3798.815	-932.617
5209.451	3764.336	-935.059
-3775.236	-1207.067	-937.500
2233.945	-5368.330	-939.941
4514.928	5759.749	-942.383
9673.348	-14468.461	-944.824
2439.685	-189.347	-947.266
-1254.832	-815.952	-949.707
5695.635	-12013.591	-952.148
12342.956	-7923.471	-954.590
6683.559	-10763.027	-957.031
-1362.092	-7951.770	-959.473
9529.854	5717.549	-961.914
2424.819	2840.754	-964.355
2132.632	3601.758	-966.797
-9535.418	1125.979	-969.238
12495.104	-1440.196	-971.680
-4115.199	3520.856	-974.121
10355.848	480.203	-976.563
-3002.699	-361.577	-979.004
1450.583	2595.755	-981.445
244.045	-7036.862	-983.887
6786.522	-3229.457	-986.328
7870.920	-7586.482	-988.770
4717.771	-1833.761	-991.211
4239.164	-11349.232	-993.652
7231.088	-380.572	-996.094
-2318.050	-3165.392	-998.535
-2651.372	3398.112	-1000.977
-455.857	4831.913	-1003.418
-7519.608	-2698.100	-1005.859
-331.796	-619.188	-1008.301
4890.186	699.141	-1010.742
-5117.076	-9638.328	-1013.184
2905.096	2826.809	-1015.625
6380.266	-310.638	-1018.066
552.312	1657.115	-1020.508
6085.738	-8195.271	-1022.949
4363.212	-2800.408	-1025.391
4403.789	-2109.277	-1027.832
-2826.232	-9116.716	-1030.273
3548.714	3708.900	-1032.715
7546.543	-1714.188	-1035.156
2559.670	-5592.807	-1037.598
-4281.180	3390.731	-1040.039
-8452.372	3330.773	-1042.480
-1916.868	-2996.302	-1044.922
2031.186	-2558.025	-1047.363
3886.844	-4890.890	-1049.805
3335.885	6962.822	-1052.246
2319.343	1983.209	-1054.688
-4646.015	1326.080	-1057.129
1583.129	-693.808	-1059.570
6150.633	-18691.945	-1062.012
886.599	-445.269	-1064.453
2730.033	-2497.699	-1066.895
4808.668	-1709.428	-1069.336
-2451.936	727.559	-1071.777
-1140.107	-1392.702	-1074.219
-2733.814	-4171.234	-1076.660
5300.337	1448.812	-1079.102
-962.326	-2697.961	-1081.543
2832.048	184.585	-1083.984
8537.625	4369.162	-1086.426
-108.711	1601.954	-1088.867
4042.279	-5439.816	-1091.309
2348.710	-5180.993	-1093.750
5656.938	2444.170	-1096.191
4670.574	-3986.851	-1098.633
3061.049	1555.115	-1101.074
-468.021	-2538.902	-1103.516
-911.224	-12163.084	-1105.957
-2242.650	5694.605	-1108.398
799.635	-1987.138	-1110.840
-1264.476	-4986.271	-1113.281
342.404	-4718.909	-1115.723
-1564.811	6981.563	-1118.164
1778.850	254.081	-1120.605
-2262.768	-1641.934	-1123.047
-7353.670	-3181.059	-1125.488
3666.930	2679.591	-1127.930
7840.418	-3367.876	-1130.371
-633.646	-3097.168	-1132.813
-5828.709	-3790.734	-1135.254
1485.168	-1667.302	-1137.695
6132.189	1633.858	-1140.137
2087.492	1119.488	-1142.578
5175.707	513.305	-1145.020
-2547.344	174.262	-1147.461
9945.795	-3347.897	-1149.902
1743.646	-4135.820	-1152.344
5758.172	1285.436	-1154.785
-2944.836	3748.718	-1157.227
-2093.410	-2357.783	-1159.668
1179.504	-1368.408	-1162.109
1218.461	4766.670	-1164.551
-11722.742	-3529.889	-1166.992
-89.961	-4338.852	-1169.434
-1417.918	410.545	-1171.875
2783.332	5637.629	-1174.316
3536.119	-11637.789	-1176.758
-10489.402	-6670.555	-1179.199
9474.638	736.000	-1181.641
9635.088	-4466.922	-1184.082
-399.557	-10797.146	-1186.523
-292.704	4890.983	-1188.965
2399.026	-2417.949	-1191.406
-2073.180	-7262.574	-1193.848
874.666	3451.711	-1196.289
535.297	1107.680	-1198.730
3605.266	-1882.289	-1201.172
-3897.301	4975.605	-1203.613
-2487.945	-7782.375	-1206.055
7574.063	-9078.203	-1208.496
-4069.281	-4699.945	-1210.938
-2413.656	7350.281	-1213.379
97.422	701.883	-1215.820
1137.250	-4270.242	-1218.262
-7159.500	-2378.855	-1220.703
602.469	-3339.200	-1223.145
11257.406	-10656.727	-1225.586
-5632.906	-4219.656	-1228.027
-4860.875	493.438	-1230.469
1620.750	-3311.844	-1232.910
-8707.063	-2056.250	-1235.352
-7280.688	379.063	-1237.793
-12038.563	-7466.813	-1240.234
-4959.063	1684.938	-1242.676
7091.891	-1530.500	-1245.117
1047.078	-4301.625	-1247.559
