/// SU2 - Version 2.00
/// 
P,mBar	T2,K	V(Ge),V	V(Coil),V)	V(Sample-V),V	V(Sample-I),V


42	 2.222	0.48093676567	-0.00075998448	-0.00011335563	1.86569535732
41	 2.222	0.48118516803	-0.00076003384	-0.00011325582	1.86567115784
42	 2.221	0.48115929961	-0.00075989583	-0.00011306183	1.86562561989
41	 2.221	0.48130175471	-0.00076010672	-0.00011358664	1.86562228203
42	 2.220	0.48135310411	-0.00075989700	-0.00011327826	1.86567115784
41	 2.220	0.48151135445	-0.00076001475	-0.00011349805	1.86561465263
42	 2.219	0.48184093833	0.07739368826	-0.00010916714	1.86564314365
41	 2.218	0.48146027327	0.16765026748	-0.00011203909	1.86565792561
41	 2.218	0.48218819499	0.23926964402	-0.00011191349	1.86563682556
41	 2.217	0.48220294714	0.33784419298	-0.00011172958	1.86566352844
41	 2.217	0.48233827949	0.37142902613	-0.00011335676	1.86572480202
41	 2.216	0.48247131705	0.40337705612	-0.00011312911	1.86569881439
41	 2.216	0.48281905055	0.42181605101	-0.00011316611	1.86565375328
41	 2.215	0.48314055800	0.42685109377	-0.00011429876	1.86564564705
42	 2.214	0.48394972086	0.43500438333	-0.00011308987	1.86566901207
41	 2.214	0.48378765583	0.82618063688	-0.00010827230	1.86569237709
41	 2.213	0.48442509770	0.98754405975	-0.00011155019	1.86564815044
42	 2.212	0.48453870416	1.07413744926	-0.00011176889	1.86569666862
41	 2.211	0.48486497998	1.13596200943	-0.00011092446	1.86573064327
41	 2.211	0.48545736074	1.23145174980	-0.00010944197	1.86567080021
41	 2.210	0.48530328274	1.30249953270	-0.00011124522	1.86566710472
41	 2.209	0.48644259572	1.42519354820	-0.00010861550	1.86561715603
41	 2.208	0.48645177484	1.47960698605	-0.00011133044	1.86556959152
41	 2.207	0.48675739765	1.49518668652	-0.00011163771	1.86563086510
41	 2.206	0.48743584752	1.72506642342	-0.00010435077	1.86561310291
41	 2.206	0.48714655638	1.84801518917	-0.00010816581	1.86566960812
41	 2.205	0.48710933328	1.93584036827	-0.00010573347	1.86558008194
41	 2.204	0.48726642132	2.02422547340	-0.00010067478	1.86560010910
41	 2.204	0.48790764809	2.07724332809	-0.00009490399	1.86561286449
42	 2.204	0.48824411631	2.20126581192	-0.00007618312	1.86565589905
41	 2.203	0.48829996586	2.39508152008	0.00005711364	1.86571192741
41	 2.203	0.48824033141	2.45013093948	0.00013385642	1.86567807198
41	 2.202	0.48847046494	2.52428340912	0.00019322618	1.86563837528
41	 2.203	0.48857262731	2.58019566536	0.00025456634	1.86569571495
41	 2.202	0.48861676455	2.62955069542	0.00031026136	1.86572980881
41	 2.202	0.48822882771	2.72105312347	0.00039147850	1.86568713188
41	 2.203	0.48846793175	2.83722305298	0.00044318460	1.86570763588
41	 2.203	0.48836487532	2.87391066551	0.00045747354	1.86565649509
41	 2.203	0.48822823167	2.93098950386	0.00047404913	1.86564755440
41	 2.203	0.48829054832	2.95906853676	0.00047746612	1.86556351185
41	 2.203	0.48847612739	2.95858097076	0.00047768489	1.86557614803
41	 2.203	0.48851606250	2.95785117149	0.00047711411	1.86549866199
41	 2.203	0.48851904273	2.95723509789	0.00047729709	1.86553537846
41	 2.203	0.48822313547	2.95625472069	0.00047734979	1.86554074287
41	 2.203	0.48840382695	2.93247914314	0.00047304152	1.86553645134
41	 2.203	0.48840382695	2.84608435631	0.00045561392	1.86559283733
41	 2.202	0.48848089576	2.75336194038	0.00042256585	1.86553871632
41	 2.202	0.48874428868	2.70699858665	0.00039587947	1.86557936668
41	 2.201	0.48863086104	2.65112042427	0.00034785268	1.86552095413
41	 2.201	0.48893439770	2.58081245422	0.00027609349	1.86551356316
41	 2.200	0.48917949200	2.54443383217	0.00021547101	1.86553299427
41	 2.199	0.48931881785	2.51195645332	0.00018370022	1.86554157734
41	 2.199	0.48979929090	2.44597029686	0.00012205161	1.86555731297
41	 2.198	0.48955935240	2.39401435852	0.00007152068	1.86552882195
41	 2.198	0.49016606808	2.34196758270	0.00003038384	1.86552155018
41	 2.196	0.49054732919	2.24066042900	-0.00002776595	1.86549365520
41	 2.195	0.49082058668	2.21082806587	-0.00004306204	1.86549961567
41	 2.195	0.49111127853	2.19111466408	-0.00004890347	1.86553776264
41	 2.194	0.49120342731	2.15293002129	-0.00006492736	1.86549603939
41	 2.194	0.49147838354	2.12796926498	-0.00007190817	1.86554729939
41	 2.193	0.49177753925	2.05016088486	-0.00008808794	1.86545979977
41	 2.192	0.49179214239	1.98115885258	-0.00010087992	1.86547875404
41	 2.192	0.49169370532	1.93953180313	-0.00010541155	1.86549711227
41	 2.191	0.49212974310	1.91066503525	-0.00010686490	1.86548471451
41	 2.190	0.49237558246	1.87177789211	-0.00011009569	1.86552107334
41	 2.191	0.49260738492	1.83895075321	-0.00011028522	1.86547303200
41	 2.190	0.49312540889	1.79575836658	-0.00011195052	1.86548495293
41	 2.190	0.49231591821	1.72165572643	-0.00011224097	1.86550462246
41	 2.189	0.49318790436	1.61363577843	-0.00011179464	1.86544966698
40	 2.188	0.49321392179	1.49187338352	-0.00011288354	1.86545360088
41	 2.188	0.49337375164	1.38157176971	-0.00011348910	1.86547052860
40	 2.188	0.49373462796	1.15596473217	-0.00011412719	1.86547529697
40	 2.188	0.49364733696	0.99963480234	-0.00011406439	1.86544346809
41	 2.188	0.49416857958	0.83132457733	-0.00011410588	1.86551260948
41	 2.187	0.49396646023	0.68009591103	-0.00011346891	1.86554574966
41	 2.186	0.49417209625	0.52129840851	-0.00011770449	1.86554360390
41	 2.186	0.49398908019	0.30624130368	-0.00011842555	1.86552429199
41	 2.185	0.49431034923	0.13185478747	-0.00011451742	1.86557590961
41	 2.186	0.49458909035	-0.00075508875	-0.00011342514	1.86552941799
41	 2.185	0.49459868670	-0.00075729791	-0.00011322217	1.86546301842
41	 2.185	0.49405258894	-0.00075808965	-0.00011366737	1.86546885967
