/// SU2 - Version 2.00
/// 
P,mBar	T2,K	V(Ge),V	V(Coil),V)	V(Sample-V),V	V(Sample-I),V


605	 3.761	0.15424655378	-0.00075937982	-0.00011260220	1.86869156361
605	 3.761	0.15422378480	-0.00075955037	-0.00011263023	1.86843228340
605	 3.761	0.15426585078	-0.00075960864	-0.00011268406	1.86860370636
605	 3.761	0.15428611636	0.16694195569	-0.00011235212	1.86867570877
605	 3.761	0.15431657434	0.23616306484	-0.00011102549	1.86874890327
605	 3.761	0.15430140495	0.33732092381	-0.00010978856	1.86880278587
604	 3.761	0.15433453023	0.43024760485	-0.00010917179	1.86879062653
605	 3.761	0.15432237089	0.63036149740	-0.00010639181	1.86875307560
604	 3.761	0.15432247519	0.62880718708	-0.00011148077	1.86875784397
604	 3.761	0.15435612202	0.73408430815	-0.00010981548	1.86870062351
604	 3.760	0.15436723828	0.77563989162	-0.00011265041	1.86856973171
604	 3.760	0.15438884497	0.80313938856	-0.00011206504	1.86855900288
604	 3.760	0.15440665185	0.81777209044	-0.00011181160	1.86864078045
604	 3.760	0.15441514552	0.92049103975	-0.00011078551	1.86866903305
604	 3.760	0.15442351997	0.96636134386	-0.00011155368	1.86865198612
604	 3.760	0.15443940461	0.97833496332	-0.00011175554	1.86865162849
603	 3.760	0.15444476902	0.98473328352	-0.00011060946	1.86874973774
604	 3.760	0.15446627140	1.02982103825	-0.00011075412	1.86878323555
604	 3.760	0.15444038808	1.06494104862	-0.00011127333	1.86877644062
603	 3.760	0.15449212492	1.12402510643	-0.00011059378	1.86885309219
604	 3.759	0.15448653698	1.14993512630	-0.00011087189	1.86871278286
603	 3.759	0.15447685122	1.19193005562	-0.00011108160	1.86879897118
604	 3.759	0.15453007817	1.37703406811	-0.00010807173	1.86875045300
603	 3.759	0.15451031923	1.45444858074	-0.00010075454	1.86882460117
603	 3.759	0.15454699099	1.50116062164	-0.00009108239	1.86881661415
603	 3.759	0.15450896323	1.53885400295	-0.00008158405	1.86873459816
603	 3.759	0.15450948477	1.58452677727	-0.00005899552	1.86863684654
603	 3.759	0.15451037884	1.61033618450	-0.00004348082	1.86864185333
603	 3.759	0.15453104675	1.72241127491	0.00002660166	1.86879718304
603	 3.759	0.15446853638	1.76041352749	0.00006037288	1.86891007423
603	 3.760	0.15435819328	1.77114009857	0.00010321968	1.86881256104
603	 3.761	0.15433751047	1.77898967266	0.00010910261	1.86881589890
603	 3.761	0.15435837209	1.79750645161	0.00013340804	1.86895620823
603	 3.761	0.15432700515	1.81707108021	0.00014601155	1.86883008480
602	 3.761	0.15430632234	1.84031093121	0.00018088170	1.86877989769
603	 3.761	0.15430676937	1.87789618969	0.00023110289	1.86877989769
602	 3.762	0.15425409377	1.90995573997	0.00026413516	1.86877942085
603	 3.762	0.15422093868	2.09260559082	0.00042457407	1.86868512630
602	 3.763	0.15405431390	2.17029476166	0.00048808064	1.86871480942
602	 3.764	0.15402521193	2.18387651443	0.00049023499	1.86878693104
602	 3.765	0.15399457514	2.26501345634	0.00050134811	1.86886703968
602	 3.765	0.15398287773	2.38932752609	0.00050824607	1.86882460117
602	 3.765	0.15402343869	2.44651651382	0.00051026797	1.86878037453
602	 3.765	0.15396608412	2.70941805840	0.00051488384	1.86889481544
602	 3.765	0.15402896702	2.71135663986	0.00051207253	1.86883640289
602	 3.765	0.15399423242	2.74964284897	0.00051278347	1.86887180805
602	 3.765	0.15402945876	2.86157011986	0.00051367510	1.86885929108
602	 3.765	0.15404230356	2.95904088020	0.00051513966	1.86882424355
602	 3.765	0.15404042602	2.93661808968	0.00051487068	1.86879348755
601	 3.765	0.15403863788	2.84259057045	0.00051346456	1.86877298355
602	 3.764	0.15403984487	2.72573375702	0.00051204488	1.86878812313
602	 3.764	0.15404655039	2.58340573311	0.00051041099	1.86883056164
602	 3.764	0.15407577157	2.45045757294	0.00050810428	1.86878526211
602	 3.764	0.15406112373	2.45031070709	0.00050847774	1.86874151230
601	 3.764	0.15408262610	2.37957811356	0.00050586485	1.86883854866
602	 3.764	0.15409775078	2.30532646179	0.00050496211	1.86899662018
601	 3.764	0.15410538018	2.20293641090	0.00049562205	1.86900377274
601	 3.764	0.15414091945	2.16467428207	0.00048857398	1.86889898777
601	 3.764	0.15410707891	2.11597657204	0.00046767766	1.86893260479
601	 3.763	0.15415370464	1.96980810165	0.00032977093	1.86894643307
602	 3.763	0.15427273512	1.96711194515	0.00032896127	1.86903762817
601	 3.762	0.15436308086	1.89454996586	0.00024996683	1.86902594566
601	 3.761	0.15441846848	1.87266218662	0.00022906596	1.86910319328
601	 3.760	0.15446312726	1.84216225147	0.00020045761	1.86906671524
601	 3.760	0.15448197722	1.81377553940	0.00017341704	1.86907887459
601	 3.760	0.15455152094	1.80779373646	0.00016706985	1.86909973621
601	 3.759	0.15453273058	1.79167950153	0.00015538810	1.86899399757
601	 3.759	0.15458722413	1.77061104774	0.00013381775	1.86900973320
601	 3.759	0.15458908677	1.71158766747	0.00008016837	1.86897063255
600	 3.758	0.15464994311	1.65262138844	0.00004273676	1.86899840832
601	 3.758	0.15473243594	1.62559163570	0.00002524051	1.86902678013
600	 3.757	0.15475149453	1.57766783237	-0.00001553619	1.86900067329
600	 3.757	0.15485912561	1.52379286289	-0.00005278723	1.86902797222
600	 3.756	0.15486207604	1.43372833729	-0.00010063785	1.86912488937
600	 3.756	0.15492387116	1.33173632622	-0.00011118585	1.86911880970
601	 3.755	0.15491229296	1.24576783180	-0.00011316514	1.86914122105
600	 3.755	0.15491646528	1.14431011677	-0.00011130584	1.86911737919
600	 3.755	0.15495920181	1.08516991138	-0.00011223886	1.86910569668
600	 3.754	0.15495996177	1.05618596077	-0.00011092344	1.86911857128
600	 3.755	0.15495459735	1.05060577393	-0.00011091783	1.86913633347
600	 3.754	0.15499192476	0.99297165871	-0.00011079898	1.86919486523
600	 3.754	0.15499226749	0.89893215895	-0.00011182843	1.86924648285
600	 3.754	0.15501554310	0.82850974798	-0.00011308106	1.86921286583
599	 3.754	0.15500392020	0.65410816669	-0.00011141689	1.86929249763
599	 3.754	0.15501025319	0.63282376528	-0.00011132495	1.86931419373
600	 3.754	0.15503717959	0.58942192793	-0.00011214920	1.86923801899
599	 3.754	0.15501034260	0.53942716122	-0.00011114443	1.86924970150
599	 3.754	0.15505512059	0.50480979681	-0.00011210099	1.86929237843
599	 3.754	0.15502393246	0.45070785284	-0.00011209428	1.86918163300
599	 3.754	0.15505053103	0.35115006566	-0.00011274021	1.86915147305
600	 3.754	0.15507112443	0.28962993622	-0.00011241836	1.86917328835
599	 3.754	0.15505747497	0.16746978462	-0.00011252714	1.86907458305
599	 3.754	0.15508227050	0.05662776157	-0.00011340185	1.86913228035
599	 3.753	0.15507455170	-0.00075606938	-0.00011199224	1.86912596226
599	 3.754	0.15510354936	-0.00075739133	-0.00011252941	1.86908805370
599	 3.753	0.15510335565	-0.00075790141	-0.00011218178	1.86901617050
