/// SU2 - Version 2.00
/// 
P,mBar	T2,K	V(Ge),V	V(Coil),V)	V(Sample-V),V	V(Sample-I),V


987	 5.095	0.06026120484	-0.00075951905	-0.00011175963	1.87533783913
987	 5.095	0.06025832891	-0.00075955939	-0.00011188860	1.87528622150
987	 5.095	0.06023258343	-0.00075957738	-0.00011188187	1.87523448467
987	 5.095	0.06024919823	-0.00076003367	-0.00011144676	1.87514889240
987	 5.095	0.06024678051	-0.00075984746	-0.00011166881	1.87519085407
987	 5.095	0.06022462621	-0.00075944490	-0.00011154208	1.87512457371
987	 5.095	0.06023517624	-0.00075963553	-0.00011192000	1.87520301342
988	 5.095	0.06021437794	0.03745292127	-0.00011254240	1.87519514561
987	 5.095	0.06022906303	0.08385720849	-0.00011157573	1.87516331673
987	 5.095	0.06020343676	0.14402714372	-0.00011059448	1.87525284290
987	 5.095	0.06020449474	0.18156333268	-0.00011187626	1.87524557114
987	 5.095	0.06022803485	0.20047827065	-0.00011233605	1.87527990341
987	 5.095	0.06022271886	0.27713215351	-0.00010768214	1.87526035309
987	 5.095	0.06021023169	0.37322801352	-0.00011132452	1.87521874905
988	 5.095	0.06021264941	0.39710772038	-0.00011191999	1.87518334389
987	 5.095	0.06019502133	0.43790486455	-0.00011047111	1.87510681152
987	 5.095	0.06016317755	0.62333106995	-0.00010657305	1.87502145767
988	 5.095	0.06014934927	0.71646416187	-0.00010878561	1.87501764297
987	 5.096	0.06015778333	0.90556412935	-0.00010304168	1.87501108646
987	 5.096	0.06012387574	1.03914904594	-0.00000675302	1.87511968613
987	 5.097	0.06011560932	1.09931659698	0.00005818517	1.87507712841
988	 5.097	0.06012472138	1.13608944416	0.00013718153	1.87508594990
988	 5.098	0.06012526155	1.15391838551	0.00016301572	1.87519443035
987	 5.098	0.06009319052	1.20930945873	0.00026789785	1.87514960766
987	 5.099	0.06010824814	1.27829015255	0.00035639812	1.87505853176
987	 5.100	0.06012372673	1.34983146191	0.00048818643	1.87503373623
987	 5.100	0.06014054269	1.42235469818	0.00056153181	1.87497532368
987	 5.101	0.06013775989	1.44227695465	0.00058263470	1.87502288818
987	 5.101	0.06011311337	1.48256504536	0.00059021555	1.87502741814
987	 5.101	0.06011827290	1.49840414524	0.00059091771	1.87496006489
987	 5.101	0.06011841074	1.52958691120	0.00059286336	1.87492847443
988	 5.102	0.06012354791	1.61087179184	0.00059718994	1.87493932247
987	 5.101	0.06013698503	1.71397697926	0.00059772067	1.87499237061
987	 5.101	0.06012779847	1.79879140854	0.00059535337	1.87506067753
988	 5.101	0.06014386564	1.86522293091	0.00059555739	1.87492728233
987	 5.100	0.06015562266	1.92768812180	0.00059598236	1.87490189075
988	 5.100	0.06012682244	2.04107975960	0.00059760170	1.87492895126
988	 5.100	0.06012986228	2.16598773003	0.00059882732	1.87491786480
988	 5.100	0.06013267487	2.21071243286	0.00059781905	1.87490260601
988	 5.100	0.06013591215	2.26093649864	0.00060325122	1.87486279011
988	 5.100	0.06014043093	2.41242218018	0.00059954933	1.87469625473
988	 5.100	0.06011109427	2.49939417839	0.00060231361	1.87475371361
988	 5.100	0.06013100594	2.62511157990	0.00060166093	1.87467682362
988	 5.100	0.06011854485	2.65939569473	0.00060310744	1.87465715408
988	 5.100	0.06014262140	2.74933099747	0.00060687325	1.87464404106
988	 5.100	0.06013016403	2.84136033058	0.00060296396	1.87463021278
988	 5.099	0.06014607474	2.95432257652	0.00060287537	1.87460255623
988	 5.099	0.06015614793	2.95880198479	0.00060400588	1.87467181683
988	 5.099	0.06015919894	2.90331459045	0.00060355954	1.87456762791
988	 5.098	0.06014724448	2.84970402718	0.00060319860	1.87459659576
988	 5.098	0.06014776602	2.76809525490	0.00060197973	1.87468039989
988	 5.098	0.06014195830	2.70956897736	0.00060158834	1.87469613552
987	 5.099	0.06011953205	2.64189004898	0.00060089410	1.87469851971
988	 5.099	0.06012618542	2.58098673820	0.00059729762	1.87467324734
988	 5.099	0.06009384617	2.48338317871	0.00059955282	1.87455737591
988	 5.099	0.06011267006	2.40633869171	0.00059732219	1.87453401089
988	 5.099	0.06008238718	2.34369611740	0.00059739826	1.87451517582
988	 5.099	0.06008335575	2.26724815369	0.00059789733	1.87452340126
988	 5.099	0.06008742377	2.15889215469	0.00059695868	1.87459325790
987	 5.099	0.06007312611	2.12739253044	0.00059604482	1.87457430363
988	 5.099	0.06009564921	1.87026882172	0.00058948109	1.87449789047
988	 5.098	0.06013200805	1.65918099880	0.00059061928	1.87450635433
988	 5.098	0.06008557230	1.44491076469	0.00058906520	1.87456548214
988	 5.098	0.06009745225	1.32761502266	0.00050175015	1.87451612949
988	 5.097	0.06008635089	1.13783514500	0.00022182637	1.87457048893
988	 5.096	0.06003766879	1.03135180473	0.00004656723	1.87453424931
988	 5.095	0.05998458713	0.96315878630	-0.00004674293	1.87448203564
988	 5.095	0.05996871740	0.88282036781	-0.00010923978	1.87445652485
988	 5.095	0.05990896001	0.79870593548	-0.00011341820	1.87448024750
988	 5.095	0.05990045890	0.65598553419	-0.00011164523	1.87445127964
988	 5.096	0.05987230688	0.44753751159	-0.00012090930	1.87441289425
988	 5.097	0.05985790491	0.20849706233	-0.00011644940	1.87444245815
988	 5.097	0.05986290053	0.05654753000	-0.00011515529	1.87444067001
988	 5.097	0.05985247344	-0.00075541605	-0.00011202876	1.87435495853
988	 5.097	0.05984737352	-0.00075694569	-0.00011205343	1.87432515621
