/// SU2 - Version 2.00
/// 
P,mBar	T2,K	V(Ge),V	V(Coil),V)	V(Sample-V),V	V(Sample-I),V


976	 4.228	0.11638545245	-0.00075863197	-0.00011243540	1.84077298641
976	 4.228	0.11637607217	-0.00075864652	-0.00011217972	1.83967745304
976	 4.227	0.11637681723	-0.00075856602	-0.00011236138	1.83908629417
976	 4.228	0.11639562994	-0.00075861649	-0.00011234568	1.83792054653
976	 4.227	0.11637567729	-0.00075844157	-0.00011245557	1.83693885803
976	 4.227	0.11638811231	-0.00075826683	-0.00011256434	1.83471238613
976	 4.227	0.11638625711	-0.00075861893	-0.00011290525	1.83453428745
976	 4.227	0.11642006785	-0.00075868628	-0.00011277964	1.83498406410
976	 4.227	0.11638230830	-0.00075870758	-0.00011264059	1.83616328239
976	 4.227	0.11642011255	0.04829112068	-0.00011237482	1.83617401123
976	 4.227	0.11638796329	0.17040179670	-0.00010994698	1.83547258377
977	 4.227	0.11638361961	0.20848454535	-0.00011171543	1.83608198166
977	 4.228	0.11635605991	0.22954219580	-0.00011553942	1.83506846428
977	 4.228	0.11636158079	0.29784259200	-0.00011089793	1.83458602428
977	 4.228	0.11630115658	0.31134739518	-0.00011217185	1.83496701717
978	 4.228	0.11629336327	0.34270331264	-0.00011130051	1.83379280567
978	 4.229	0.11628598720	0.39578443766	-0.00011127023	1.83318924904
978	 4.229	0.11629252881	0.43317538500	-0.00011106614	1.83292210102
978	 4.229	0.11628732830	0.47449949384	-0.00011038881	1.83067739010
978	 4.229	0.11625482142	0.52727425098	-0.00011115360	1.82860255241
978	 4.229	0.11627516150	0.57111912966	-0.00011170870	1.82791936398
978	 4.229	0.11625313014	0.64532715082	-0.00011378666	1.82688081264
978	 4.229	0.11631287634	0.67458117008	-0.00011142386	1.82621264458
977	 4.229	0.11630326509	0.76605039835	-0.00011023854	1.82805645466
977	 4.229	0.11633566022	0.83241474628	-0.00011113006	1.83402895927
977	 4.228	0.11632013321	0.90553104877	-0.00011088784	1.83732354641
977	 4.228	0.11633519083	0.90805190802	-0.00011050879	1.83919620514
977	 4.228	0.11633296311	1.02028310299	-0.00011071625	1.83955657482
977	 4.228	0.11636810005	1.04704451561	-0.00011158084	1.83879816532
976	 4.228	0.11635535955	1.10392522812	-0.00011014321	1.83956229687
976	 4.228	0.11637333781	1.14459359646	-0.00011082840	1.84048664570
976	 4.228	0.11641482264	1.24089241028	-0.00010824692	1.84271788597
977	 4.227	0.11636304110	1.30370175838	-0.00009883163	1.84356021881
976	 4.228	0.11638508737	1.38391864300	-0.00007097372	1.84682214260
976	 4.228	0.11633422971	1.41729116440	-0.00005788023	1.84827387333
976	 4.228	0.11637418717	1.46081423759	-0.00002422133	1.84938323498
976	 4.228	0.11630363762	1.50798654556	0.00002596595	1.85269641876
976	 4.229	0.11630184948	1.54006683826	0.00005707251	1.85530745983
976	 4.229	0.11626511812	1.61790037155	0.00015925811	1.85722255707
976	 4.230	0.11621534824	1.64160680771	0.00019776366	1.85943675041
976	 4.231	0.11616911739	1.68585395813	0.00027389789	1.86157071590
976	 4.231	0.11614742875	1.68038487434	0.00025729666	1.86260628700
976	 4.232	0.11615088582	1.74091577530	0.00033155258	1.86362373829
976	 4.232	0.11607000232	1.78892230988	0.00037862011	1.86818575859
976	 4.233	0.11606726795	1.81509697437	0.00041323784	1.87044501305
976	 4.233	0.11601612717	1.84395778179	0.00044734756	1.87232530117
976	 4.234	0.11601860076	1.87073099613	0.00046625329	1.87424182892
976	 4.234	0.11599537730	1.88944542408	0.00048869464	1.87575256824
976	 4.235	0.11598003656	1.92727482319	0.00051093654	1.87650394440
976	 4.235	0.11596550047	1.95162367821	0.00051654468	1.87697160244
976	 4.235	0.11596637964	1.97698831558	0.00052191614	1.87699913979
976	 4.235	0.11596448720	2.05027365685	0.00052673259	1.87799036503
976	 4.235	0.11595571041	2.10139060020	0.00052703748	1.87868654728
976	 4.235	0.11592394114	2.17784690857	0.00052877120	1.87965667248
976	 4.235	0.11596392095	2.22453618050	0.00052755198	1.88038051128
976	 4.235	0.11596190184	2.23270511627	0.00053078041	1.88152754307
976	 4.235	0.11595272273	2.30127716064	0.00053084432	1.88234364986
976	 4.235	0.11595316976	2.36199641228	0.00053281680	1.88339412212
976	 4.235	0.11593863368	2.37912034988	0.00053297833	1.88397645950
976	 4.235	0.11595246196	2.41476368904	0.00053404586	1.88508749008
976	 4.235	0.11593031138	2.45471453667	0.00053429487	1.88576292992
976	 4.235	0.11596091837	2.54706525803	0.00053622480	1.88631820679
976	 4.235	0.11593022197	2.64530086517	0.00054328627	1.88636362553
977	 4.235	0.11596471816	2.71300721169	0.00053865154	1.88672983646
977	 4.235	0.11592790484	2.76319599152	0.00053856539	1.88734316826
977	 4.235	0.11594402045	2.85723590851	0.00053960399	1.88779520988
976	 4.235	0.11597096920	2.87247943878	0.00053945143	1.88799297810
976	 4.235	0.11594754457	2.93816232681	0.00054381700	1.88834083080
976	 4.236	0.11594366282	2.96342802048	0.00054063450	1.88849163055
976	 4.235	0.11593309790	2.96331882477	0.00054132316	1.88879585266
976	 4.235	0.11593755335	2.96281504631	0.00054086908	1.88873231411
976	 4.235	0.11594015360	2.93962073326	0.00054032629	1.88780260086
976	 4.235	0.11595725268	2.86227083206	0.00053773704	1.88419759274
976	 4.235	0.11593144387	2.84085965157	0.00053939340	1.88814818859
976	 4.235	0.11595299840	2.77676367760	0.00053975458	1.88469195366
976	 4.235	0.11593921483	2.70867037773	0.00053607969	1.88718080521
976	 4.236	0.11592485011	2.63430142403	0.00053519825	1.89024806023
976	 4.235	0.11592645943	2.58698892593	0.00053665048	1.88569986820
976	 4.235	0.11595364660	2.54757404327	0.00053214130	1.87576651573
976	 4.235	0.11594420671	2.49108791351	0.00053375168	1.88741910458
976	 4.235	0.11596809328	2.45604157448	0.00053557532	1.88206171989
976	 4.235	0.11595004052	2.44047331810	0.00053272024	1.88861787319
976	 4.235	0.11593095958	2.41612744331	0.00053400872	1.88815438747
976	 4.235	0.11595847458	2.40644764900	0.00053337292	1.89015400410
976	 4.235	0.11594094336	2.39795970917	0.00053368707	1.88674747944
976	 4.235	0.11595699936	2.39648723602	0.00053623295	1.88508164883
977	 4.235	0.11594853550	2.39614653587	0.00053422112	1.88714301586
977	 4.235	0.11594399810	2.39506340027	0.00053419860	1.88706898689
977	 4.235	0.11592023075	2.38101053238	0.00053353584	1.88648986816
976	 4.235	0.11594311893	2.37960982323	0.00053351908	1.88572824001
977	 4.235	0.11594618112	2.37919878960	0.00053374103	1.88540983200
977	 4.235	0.11596848816	2.37838673592	0.00053301884	1.88421845436
977	 4.235	0.11595045775	2.37636494637	0.00053282944	1.88314414024
977	 4.235	0.11596956849	2.35775971413	0.00053206016	1.88173151016
977	 4.235	0.11595647037	2.26962924004	0.00052816345	1.88403654099
977	 4.235	0.11594192684	2.23642897606	0.00052884413	1.88260006905
977	 4.235	0.11596225947	2.22748923302	0.00053039839	1.87954568863
977	 4.235	0.11595061421	2.20525002480	0.00052812306	1.87639927864
977	 4.235	0.11594290286	2.19320797920	0.00052787410	1.87881791592
977	 4.235	0.11593120545	2.18271446228	0.00052703521	1.87671983242
976	 4.235	0.11596614122	2.09273838997	0.00052513008	1.87552058697
977	 4.235	0.11594831944	2.04154849052	0.00052121747	1.87362146378
977	 4.235	0.11595734954	2.02837634087	0.00052304118	1.87404096127
976	 4.235	0.11596906930	1.98176741600	0.00052405603	1.87240266800
976	 4.235	0.11597795039	1.91689622402	0.00051223306	1.87338829041
977	 4.235	0.11595245451	1.88279533386	0.00048428666	1.87639737129
976	 4.234	0.11598302424	1.82001876831	0.00042227522	1.86951959133
977	 4.234	0.11601816118	1.77974700928	0.00039282927	1.86524260044
977	 4.234	0.11604511738	1.66237270832	0.00025606836	1.86403965950
977	 4.233	0.11612315476	1.59758377075	0.00018083781	1.86338961124
977	 4.232	0.11618911475	1.50686836243	0.00009118702	1.86223530769
977	 4.231	0.11625676602	1.48474526405	0.00006360159	1.86070835590
977	 4.230	0.11626528203	1.42283499241	0.00001546865	1.85982406139
976	 4.229	0.11632443964	1.33914661407	-0.00003597016	1.85962736607
976	 4.228	0.11632569134	1.24871242046	-0.00010606802	1.85831689835
977	 4.228	0.11637369543	1.13290381432	-0.00011046505	1.85718512535
977	 4.227	0.11638905853	1.07721531391	-0.00011106388	1.85514593124
977	 4.227	0.11641731858	1.02878844738	-0.00010970923	1.85339200497
977	 4.227	0.11638648063	0.95111256838	-0.00011020041	1.85279130936
977	 4.227	0.11639072746	0.80961215496	-0.00011205186	1.85111045837
977	 4.227	0.11640467495	0.69887399673	-0.00011238603	1.84916985035
977	 4.227	0.11642754823	0.52735197544	-0.00011907409	1.84722423553
977	 4.227	0.11642893404	0.36640840769	-0.00011641301	1.84434986115
977	 4.227	0.11642678827	0.31135651469	-0.00011180405	1.84304451942
977	 4.227	0.11640731990	0.21171270311	-0.00011203506	1.83982169628
977	 4.227	0.11641734838	0.11756427586	-0.00011398519	1.83821213245
977	 4.227	0.11642028391	0.05557505786	-0.00011448085	1.83819079399
977	 4.227	0.11641609669	0.00016060480	-0.00011429470	1.83911371231
977	 4.227	0.11641792208	-0.00075642165	-0.00011209675	1.83866405487
977	 4.227	0.11640518904	-0.00075739832	-0.00011237935	1.83782517910
