/// SU2 - Version 2.00
/// 
P,mBar	T2,K	V(Ge),V	V(Coil),V)	V(Sample-V),V	V(Sample-I),V


980	 4.219	0.11676616967	-0.00075911504	-0.00013088806	0.91333347559
980	 4.219	0.11673945189	-0.00075944245	-0.00013078713	0.91757529974
980	 4.219	0.11677870899	-0.00075932237	-0.00013089366	0.91109192371
980	 4.219	0.11674444377	-0.00075926178	-0.00013110449	0.90993100405
980	 4.219	0.11676432937	-0.00075959833	-0.00013128055	0.91166985035
980	 4.219	0.11673809588	-0.00075881224	-0.00013070863	0.91388547421
980	 4.219	0.11675090343	0.04333761334	-0.00013190629	0.91669672728
980	 4.219	0.11674908549	0.09967885911	-0.00013031614	0.91638636589
980	 4.219	0.11677940190	0.13460268080	-0.00013057742	0.91497439146
981	 4.219	0.11673539877	0.13310709596	-0.00013084206	0.91375041008
980	 4.219	0.11674711853	0.18740144372	-0.00012963655	0.91315299273
980	 4.219	0.11673874408	0.22499512136	-0.00013090597	0.91370570660
980	 4.219	0.11672668159	0.29025295377	-0.00012765278	0.91401326656
980	 4.219	0.11674524099	0.34164795280	-0.00013024098	0.91466796398
980	 4.220	0.11673025042	0.42890122533	-0.00012998081	0.91488623619
981	 4.220	0.11674293131	0.51169979572	-0.00012834131	0.91454237700
981	 4.220	0.11670226604	0.52631032467	-0.00012883249	0.91451615095
981	 4.220	0.11673621833	0.62339526415	-0.00013097997	0.91485142708
981	 4.220	0.11669866741	0.70080846548	-0.00012770435	0.91475367546
981	 4.220	0.11673533171	0.81798350811	-0.00012891210	0.91498011351
981	 4.220	0.11667168885	0.90492796898	-0.00012924179	0.91566157341
981	 4.220	0.11670596898	0.96577000618	-0.00013073327	0.91590297222
982	 4.220	0.11668042094	1.03664374352	-0.00012941785	0.91629773378
981	 4.220	0.11667244136	1.06269276142	-0.00013019948	0.91675156355
982	 4.220	0.11668348312	1.11482000351	-0.00013039573	0.91735464334
982	 4.220	0.11663860828	1.14116406441	-0.00012992472	0.91793072224
982	 4.220	0.11667088419	1.20740270615	-0.00013022975	0.91862881184
982	 4.221	0.11667088419	1.20740270615	-0.00013022975	0.91862881184
982	 4.221	0.11664811522	1.23455882072	-0.00012896369	0.91933995485
982	 4.221	0.11662375182	1.23334980011	-0.00013007500	0.91958904266
982	 4.221	0.11667852849	1.43839645386	-0.00011586343	0.91997951269
982	 4.221	0.11667158455	1.49350798130	-0.00010855973	0.92029416561
981	 4.220	0.11667267233	1.50587642193	-0.00010612627	0.92039895058
981	 4.220	0.11669144779	1.60338616371	-0.00007181238	0.92064762115
981	 4.220	0.11672487855	1.66050803661	-0.00002253448	0.92077654600
981	 4.220	0.11668190360	1.71145546436	0.00001261822	0.92095881701
981	 4.220	0.11670088768	1.73837876320	0.00004767444	0.92119354010
980	 4.220	0.11668393761	1.77224874496	0.00007786376	0.92152047157
980	 4.220	0.11669865251	1.80138456821	0.00009911999	0.92175471783
980	 4.220	0.11669699103	1.81597590446	0.00011392700	0.92212557793
980	 4.220	0.11670333892	1.92172944546	0.00016594786	0.92233532667
980	 4.220	0.11669039726	1.94508349895	0.00017373372	0.92265248299
980	 4.221	0.11666379869	1.94508361816	0.00017371346	0.92304837704
980	 4.220	0.11670804769	2.01607704163	0.00018056299	0.92331314087
980	 4.220	0.11667164415	2.03564786911	0.00018081976	0.92358082533
980	 4.221	0.11669763923	2.05385470390	0.00018152848	0.92390286922
980	 4.221	0.11668529361	2.09723377228	0.00018304013	0.92423093319
980	 4.220	0.11667612195	2.15924024582	0.00018304912	0.92436510324
981	 4.221	0.11664032191	2.17755770683	0.00018440266	0.92478901148
981	 4.221	0.11662013829	2.19727158546	0.00018494879	0.92510557175
981	 4.221	0.11659199744	2.20299696922	0.00018464040	0.92512029409
982	 4.222	0.11657522619	2.26004266739	0.00018482766	0.92554438114
982	 4.222	0.11658830196	2.36157298088	0.00018950168	0.92603731155
982	 4.222	0.11654224247	2.43530631065	0.00018599392	0.92638808489
982	 4.222	0.11656445265	2.47570896149	0.00018672505	0.92665457726
982	 4.223	0.11653967947	2.49248194695	0.00018627537	0.92682874203
982	 4.223	0.11654532701	2.66101121902	0.00018891865	0.92720502615
981	 4.223	0.11655347794	2.76666164398	0.00019005689	0.92748141289
981	 4.222	0.11660104245	2.85639071465	0.00018890185	0.92792230844
980	 4.222	0.11662715673	2.95036935806	0.00019010293	0.92813766003
980	 4.221	0.11668096483	2.95181727409	0.00018960840	0.92833811045
980	 4.221	0.11667279154	2.95223259926	0.00018959495	0.92830866575
980	 4.221	0.11664620787	2.95168018341	0.00018964660	0.92843681574
981	 4.221	0.11664400250	2.95119261742	0.00018951764	0.92856740952
981	 4.221	0.11664485186	2.95049285889	0.00018957366	0.92856663465
981	 4.221	0.11664947867	2.94967246056	0.00018971159	0.92876034975
981	 4.221	0.11662051827	2.94842481613	0.00018936511	0.92884004116
981	 4.221	0.11663618684	2.94766163826	0.00018993932	0.92907178402
981	 4.222	0.11660908908	2.92054295540	0.00018457565	0.92896384001
981	 4.222	0.11663016677	2.91980266571	0.00018890879	0.92913961411
981	 4.222	0.11661486328	2.86845493317	0.00018520703	0.92930346727
980	 4.222	0.11663643271	2.77704739571	0.00018848495	0.92931395769
980	 4.221	0.11660990119	2.73618674278	0.00018840088	0.92937183380
981	 4.221	0.11663397402	2.69575047493	0.00018802521	0.92948585749
981	 4.221	0.11661938578	2.62088990211	0.00018729296	0.92960083485
981	 4.221	0.11663777381	2.61397147179	0.00018770115	0.92968577147
980	 4.221	0.11664230376	2.55924034119	0.00018689266	0.93002861738
981	 4.221	0.11662768573	2.53693270683	0.00018775612	0.92992532253
980	 4.221	0.11663392931	2.52886438370	0.00018788395	0.93014329672
980	 4.221	0.11664060503	2.52160310745	0.00018835827	0.93023329973
980	 4.221	0.11663979292	2.49906396866	0.00018745889	0.93021434546
980	 4.221	0.11663964391	2.45600676537	0.00018750825	0.93030333519
980	 4.221	0.11664932221	2.42944741249	0.00018717290	0.93042397499
980	 4.221	0.11665450037	2.40135169029	0.00018700132	0.93038851023
980	 4.221	0.11665359885	2.39539027214	0.00018702255	0.93070459366
980	 4.221	0.11665796489	2.39294791222	0.00018767970	0.93089848757
980	 4.221	0.11667124182	2.38725137711	0.00018767975	0.93093502522
980	 4.221	0.11668118834	2.38556456566	0.00018758210	0.93085086346
980	 4.221	0.11667077988	2.35475277901	0.00018648313	0.93094915152
980	 4.221	0.11667583883	2.27742457390	0.00018390951	0.93084114790
980	 4.221	0.11668271571	2.21404862404	0.00018631043	0.93104034662
980	 4.221	0.11667615920	2.17177987099	0.00018561071	0.93107891083
980	 4.221	0.11666696519	2.08692502975	0.00018456891	0.93104737997
980	 4.221	0.11666164547	1.92032623291	0.00017738518	0.93108874559
980	 4.221	0.11665252596	1.80503666401	0.00010994390	0.93113791943
980	 4.221	0.11667664349	1.72566127777	0.00007092235	0.93111735582
980	 4.220	0.11669295281	1.69056737423	0.00003082650	0.93173563480
981	 4.220	0.11671496183	1.65183651447	0.00000607147	0.93174141645
981	 4.220	0.11671302468	1.63466703892	-0.00000492279	0.93177783489
981	 4.220	0.11670444906	1.56938803196	-0.00003409616	0.93198573589
981	 4.220	0.11667948961	1.47725343704	-0.00007703590	0.93207949400
981	 4.220	0.11669974029	1.44856989384	-0.00008573126	0.93235605955
982	 4.220	0.11668006331	1.42202246189	-0.00009485390	0.93249064684
982	 4.220	0.11668647826	1.38769078255	-0.00010359077	0.93262118101
982	 4.220	0.11666078120	1.30863249302	-0.00012362469	0.93260419369
982	 4.221	0.11664291471	1.23648154736	-0.00012940328	0.93281137943
982	 4.221	0.11666187644	1.22167384624	-0.00012961523	0.93285304308
982	 4.221	0.11662826687	1.21101963520	-0.00012981820	0.93300473690
982	 4.221	0.11666259915	1.18577647209	-0.00013030041	0.93309539557
982	 4.220	0.11667182297	1.18017053604	-0.00012986641	0.93334579468
982	 4.221	0.11666339636	1.17611169815	-0.00013048320	0.93302828074
982	 4.221	0.11667816341	1.17409181595	-0.00012957485	0.93300843239
982	 4.220	0.11667340249	1.13577020168	-0.00012949412	0.93292564154
982	 4.220	0.11666527390	1.12969684601	-0.00012966681	0.93234795332
982	 4.220	0.11669276655	1.12712812424	-0.00012963990	0.93126481771
982	 4.220	0.11667582393	1.12223529816	-0.00012970605	0.93101334572
982	 4.220	0.11670475453	1.12955200672	-0.00012951318	0.93054175377
982	 4.220	0.11665879935	1.06687831879	-0.00012923394	0.93064093590
982	 4.220	0.11667761952	1.04379558563	-0.00013139377	0.93049430847
982	 4.220	0.11667657644	1.01982283592	-0.00013068168	0.93026572466
982	 4.220	0.11667341739	0.99395519495	-0.00013065588	0.93013393879
982	 4.220	0.11668325961	0.92152041197	-0.00012846803	0.93022996187
982	 4.220	0.11665963382	0.72854948044	-0.00013185917	0.93005090952
982	 4.220	0.11667972058	0.64038223028	-0.00013040919	0.93019354343
982	 4.220	0.11668752879	0.55351924896	-0.00013039797	0.93029505014
982	 4.220	0.11667556316	0.34004595876	-0.00013079496	0.93013185263
982	 4.220	0.11667157710	0.21713817120	-0.00013197018	0.93008524179
982	 4.220	0.11668445915	0.15254414082	-0.00013053142	0.92996722460
982	 4.220	0.11667568982	0.05201033130	-0.00013156424	0.93030637503
982	 4.220	0.11670769751	-0.00075710303	-0.00013020734	0.93043959141
982	 4.220	0.11667893827	-0.00075807417	-0.00013041031	0.93050754070
982	 4.220	0.11670314521	-0.00075825135	-0.00013065364	0.93065488338
