/// SU2 - Version 2.00
/// 
P,mBar	T2,K	V(Ge),V	V(Coil),V)	V(Sample-V),V	V(Sample-I),V


982	 4.220	0.11671079695	-0.00075948052	-0.00016702266	-0.93868458271
982	 4.220	0.11673264205	-0.00075955456	-0.00016717405	-0.93921762705
982	 4.220	0.11673748493	-0.00075965223	-0.00016759007	-0.94039976597
982	 4.220	0.11671384424	-0.00075945153	-0.00016737253	-0.93964737654
982	 4.219	0.11673440039	-0.00075989665	-0.00016753736	-0.94069433212
982	 4.220	0.11672061682	-0.00075931364	-0.00016712246	-0.94279211760
982	 4.220	0.11672894657	0.01272849087	-0.00016741514	-0.94599938393
982	 4.220	0.11671280116	0.13512136042	-0.00016410598	-0.94158476591
982	 4.220	0.11672396213	0.21610061824	-0.00016326607	-0.94153660536
982	 4.219	0.11672551930	0.30143734813	-0.00016705967	-0.94173830748
982	 4.219	0.11672672629	0.34018385410	-0.00016756204	-0.94089025259
982	 4.220	0.11671824008	0.37079569697	-0.00016860156	-0.94176393747
982	 4.220	0.11673448235	0.45630148053	-0.00016748691	-0.94269216061
981	 4.219	0.11672579497	0.51631379128	-0.00016763493	-0.94286394119
982	 4.219	0.11672185361	0.56985563040	-0.00016825505	-0.94310611486
982	 4.219	0.11675023288	0.61997514963	-0.00016794106	-0.94404602051
982	 4.219	0.11672855169	0.62301069498	-0.00016795564	-0.94727247953
982	 4.219	0.11675034463	0.66864383221	-0.00016784239	-0.94441646338
981	 4.220	0.11673329026	0.67561650276	-0.00016784575	-0.94498223066
982	 4.219	0.11673973501	0.71041560173	-0.00016786033	-0.94482541084
982	 4.220	0.11671838909	0.82224857807	-0.00016860380	-0.94372004271
982	 4.219	0.11673972756	0.90436142683	-0.00016806218	-0.94311916828
982	 4.219	0.11672721058	0.99164694548	-0.00016553124	-0.94131386280
982	 4.219	0.11673904955	1.03314816952	-0.00016725704	-0.94200772047
982	 4.219	0.11674350500	1.04565656185	-0.00016765960	-0.94215917587
982	 4.219	0.11673542857	1.06556510925	-0.00016757550	-0.94163793325
982	 4.219	0.11674737185	1.06195688248	-0.00016814181	-0.94148910046
982	 4.219	0.11674331874	1.08554041386	-0.00016728284	-0.94127053022
982	 4.219	0.11674254388	1.11313176155	-0.00016768092	-0.94076776505
982	 4.219	0.11673132330	1.12597703934	-0.00016827973	-0.94116991758
982	 4.219	0.11676333845	1.16426610947	-0.00016594840	-0.93877619505
982	 4.219	0.11674045771	1.24111115932	-0.00016578243	-0.94264090061
982	 4.219	0.11675270647	1.28357803822	-0.00016759457	-0.93956005573
982	 4.219	0.11672885716	1.29554784298	-0.00016809134	-0.93975448608
982	 4.219	0.11674699187	1.35829079151	-0.00017251291	-0.93925786018
982	 4.219	0.11674478650	1.43010354042	-0.00017542511	-0.93907445669
982	 4.219	0.11675918847	1.45511972904	-0.00018206812	-0.93807387352
982	 4.219	0.11673934013	1.48792076111	-0.00018976635	-0.93891602755
982	 4.219	0.11674672365	1.50312256813	-0.00019329082	-0.93758040667
982	 4.219	0.11675120145	1.59169363976	-0.00022302401	-0.93715780973
982	 4.219	0.11675090343	1.64688014984	-0.00026186497	-0.93759208918
982	 4.219	0.11673522741	1.66031718254	-0.00028646449	-0.93742942810
982	 4.220	0.11670567840	1.72456645966	-0.00033605943	-0.93880331516
982	 4.220	0.11670733988	1.72521519661	-0.00034533543	-0.93508416414
982	 4.220	0.11666893959	1.76972305775	-0.00038017085	-0.93671536446
982	 4.220	0.11667755991	1.80178225040	-0.00040593106	-0.93702781200
982	 4.220	0.11667518318	1.82497406006	-0.00041900403	-0.93708240986
982	 4.220	0.11667006463	1.84907150269	-0.00042911433	-0.93677973747
982	 4.220	0.11666510254	1.87420403957	-0.00044647206	-0.93703627586
982	 4.221	0.11666907370	1.91102898121	-0.00046733854	-0.93703812361
982	 4.221	0.11664208770	1.95404493809	-0.00047382677	-0.93655765057
982	 4.221	0.11664754152	2.02383971214	-0.00048368695	-0.93724787235
982	 4.221	0.11662179232	2.08106923103	-0.00048187931	-0.93752622604
982	 4.221	0.11664178222	2.15412235260	-0.00048394376	-0.93740761280
982	 4.221	0.11667213589	2.18995237350	-0.00048474778	-0.93658179045
982	 4.221	0.11664833874	2.21336078644	-0.00048579174	-0.93628454208
982	 4.221	0.11664924026	2.24258255959	-0.00048594642	-0.93671709299
982	 4.221	0.11664413661	2.31798291206	-0.00048465459	-0.93648290634
982	 4.221	0.11663331091	2.40189099312	-0.00048709247	-0.93640482426
982	 4.221	0.11663470417	2.40662741661	-0.00048687268	-0.93650209904
982	 4.221	0.11664729565	2.43278598785	-0.00048676392	-0.93690377474
982	 4.221	0.11662139744	2.44908237457	-0.00048718002	-0.93664520979
982	 4.221	0.11664986610	2.46325397491	-0.00048730001	-0.93658888340
982	 4.221	0.11664511263	2.47595095634	-0.00048757027	-0.93609464169
982	 4.221	0.11666192859	2.47824811935	-0.00048842811	-0.93700194359
982	 4.221	0.11662409455	2.52119994164	-0.00048740438	-0.93629521132
982	 4.221	0.11666316539	2.55628323555	-0.00048728893	-0.93583697081
982	 4.221	0.11665999889	2.58658432961	-0.00048761079	-0.93531978130
982	 4.221	0.11662001163	2.66557455063	-0.00048737414	-0.93676680326
982	 4.221	0.11664451659	2.73774147034	-0.00048520541	-0.93703919649
982	 4.221	0.11664494127	2.79115581512	-0.00048800654	-0.93547856808
982	 4.221	0.11664843559	2.94145941734	-0.00047924189	-0.93552666903
982	 4.221	0.11662320793	2.94961714745	-0.00049033674	-0.93636751175
982	 4.221	0.11664476991	2.94899916649	-0.00048974348	-0.93597012758
982	 4.221	0.11663122475	2.94846725464	-0.00048991281	-0.93622654676
982	 4.221	0.11666678637	2.92435812950	-0.00049281493	-0.93603533506
982	 4.221	0.11663710326	2.91809463501	-0.00048951356	-0.93600571156
982	 4.221	0.11665084958	2.84580469131	-0.00049022672	-0.93618792295
982	 4.221	0.11662804335	2.83528041840	-0.00048932963	-0.93583047390
982	 4.221	0.11665055901	2.75281763077	-0.00049060240	-0.93576276302
982	 4.221	0.11662203819	2.72954630852	-0.00048882829	-0.93593811989
982	 4.221	0.11663772911	2.70403218269	-0.00048867025	-0.93561691046
982	 4.221	0.11663480103	2.68532800674	-0.00048871624	-0.93561458588
982	 4.221	0.11663728207	2.67386841774	-0.00048839551	-0.93539083004
982	 4.221	0.11663860828	2.61614394188	-0.00048896851	-0.93557226658
982	 4.221	0.11663182825	2.57015728951	-0.00048755904	-0.93516361713
982	 4.221	0.11666220427	2.52838230133	-0.00048878475	-0.93523532152
982	 4.221	0.11663862318	2.47613286972	-0.00048732359	-0.93546575308
982	 4.221	0.11665049940	2.41908836365	-0.00048772391	-0.93518555164
982	 4.221	0.11662559211	2.35831785202	-0.00048870849	-0.93493729830
982	 4.221	0.11664283276	2.29458212852	-0.00048863789	-0.93501448631
982	 4.221	0.11664433777	2.21675562859	-0.00048636258	-0.93510252237
982	 4.221	0.11662978679	2.17050576210	-0.00048655097	-0.93492364883
982	 4.221	0.11662945151	2.07223939896	-0.00048398873	-0.93458425999
982	 4.221	0.11664578319	1.96547055244	-0.00048542296	-0.93445599079
982	 4.221	0.11665133387	1.92463183403	-0.00047299702	-0.93458604813
982	 4.221	0.11661770940	1.79157924652	-0.00041083820	-0.93452388048
982	 4.221	0.11664660275	1.69228196144	-0.00033453104	-0.93443334103
982	 4.221	0.11667937040	1.59802258015	-0.00030222544	-0.93469208479
982	 4.220	0.11667811871	1.50595808029	-0.00023621022	-0.93450552225
982	 4.220	0.11671591550	1.47937417030	-0.00022432704	-0.93451070786
982	 4.220	0.11672694236	1.46395218372	-0.00021828509	-0.93459004164
982	 4.220	0.11672746390	1.42494463921	-0.00020579748	-0.93434834480
982	 4.219	0.11675269902	1.35365891457	-0.00019213581	-0.93447172642
982	 4.220	0.11672934145	1.27988564968	-0.00017187709	-0.93462628126
982	 4.220	0.11675095558	1.18865299225	-0.00016859260	-0.93463438749
982	 4.219	0.11672121286	1.08559727669	-0.00016857017	-0.93460750580
982	 4.219	0.11675298214	1.06774663925	-0.00016704062	-0.93433243036
982	 4.219	0.11674873531	0.91896629333	-0.00016921607	-0.93422442675
982	 4.219	0.11673115939	0.77749061584	-0.00016967024	-0.93388408422
982	 4.219	0.11675054580	0.70114195347	-0.00016646984	-0.93394559622
982	 4.219	0.11672495306	0.61843138933	-0.00016792538	-0.93355035782
982	 4.219	0.11675881594	0.52306228876	-0.00016786596	-0.93388426304
982	 4.219	0.11675567925	0.47747457027	-0.00016877876	-0.93364769220
982	 4.219	0.11674428731	0.43218347430	-0.00016758338	-0.93374061584
982	 4.219	0.11673761159	0.32338616252	-0.00016833133	-0.93405354023
982	 4.219	0.11676229537	0.21546293795	-0.00016799266	-0.93401116133
982	 4.219	0.11673714966	0.16350141168	-0.00016911405	-0.93386447430
983	 4.219	0.11676841974	0.09914638847	-0.00016830553	-0.93381077051
983	 4.219	0.11673126370	0.02660208195	-0.00016835824	-0.93375545740
983	 4.219	0.11674638093	-0.00075803860	-0.00016681074	-0.93364608288
982	 4.219	0.11673293263	-0.00075846247	-0.00016733892	-0.93385875225
983	 4.219	0.11673207581	-0.00075846922	-0.00016729406	-0.93343365192
982	 4.219	0.11674356461	-0.00075919362	-0.00016725481	-0.93308687210
982	 4.219	0.11673612893	-0.00075894577	-0.00016703727	-0.93356597424
982	 4.219	0.11676092446	-0.00075900299	-0.00016695877	-0.93300390244
